wavelength	flux_density
5478.22547834114  3.819072E-29
5480.49965180165  4.256849E-29
5482.77400605515  3.999652E-29
5485.04854100928  4.222203E-29
5487.3232565716  4.182913E-29
5489.59815264962  2.593141E-29
5491.87322915075  4.345849E-29
5494.14848598236  4.322951E-29
5496.42392305175  5.040092E-29
5498.69954026613  5.397163E-29
5500.97533753268  4.067479E-29
5503.25131475848  7.334526E-29
5505.52747185054  7.154615E-29
5507.80380871583  4.749533E-29
5510.08032526123  7.000032E-29
5512.35702139356  5.287127E-29
5514.63389701957  4.210413E-29
5516.91095204594  6.588410E-29
5519.18818637928  4.964825E-29
5521.46559992615  7.145782E-29
5523.74319259302  4.683148E-29
5526.02096428629  8.389797E-29
5528.29891491232  5.934588E-29
5530.57704437738  6.801437E-29
5532.85535258767  4.820026E-29
5535.13383944934  7.027259E-29
5537.41250486845  7.218550E-29
5539.69134875101  6.083862E-29
5541.97037100295  5.061994E-29
5544.24957153014  6.666170E-29
5546.52895023837  7.916168E-29
5548.80850703339  8.369744E-29
5551.08824182085  8.224165E-29
5553.36815450635  8.469594E-29
5555.64824499542  7.245719E-29
5557.92851319351  5.844104E-29
5560.20895900601  9.052163E-29
5562.48958233826  1.012782E-28
5564.7703830955  8.263609E-29
5567.05136118293  8.183461E-29
5569.33251650566  1.081868E-28
5571.61384896874  7.925642E-29
5573.89535847716  1.515315E-28
5576.17704493584  1.139405E-28
5578.45890824963  7.039872E-29
5580.74094832329  7.874797E-29
5583.02316506155  1.195577E-28
5585.30555836905  1.291728E-28
5587.58812815037  1.048135E-28
5589.87087431001  1.043041E-28
5592.15379675242  1.135491E-28
5594.43689538196  1.175487E-28
5596.72017010295  9.452006E-29
5599.00362081961  1.374255E-28
5601.28724743612  1.114990E-28
5603.57104985659  1.487164E-28
5605.85502798503  1.196363E-28
5608.13918172542  1.214430E-28
5610.42351098165  1.283236E-28
5612.70801565755  1.215899E-28
5614.99269565689  1.423839E-28
5617.27755088335  1.755679E-28
5619.56258124056  1.755336E-28
5621.84778663208  1.402899E-28
5624.1331669614  1.460516E-28
5626.41872213195  1.638380E-28
5628.70445204706  1.574088E-28
5630.99035661003  1.954008E-28
5633.27643572408  1.833018E-28
5635.56268929236  1.549665E-28
5637.84911721794  1.843572E-28
5640.13571940385  1.716078E-28
5642.42249575302  1.947241E-28
5644.70944616834  2.069340E-28
5646.99657055262  1.509233E-28
5649.28386880859  2.046143E-28
5651.57134083894  1.988070E-28
5653.85898654626  2.035031E-28
5656.1468058331  2.010645E-28
5658.43479860193  2.365285E-28
5660.72296475515  2.167158E-28
5663.01130419509  1.998476E-28
5665.29981682402  2.188205E-28
5667.58850254414  2.441613E-28
5669.87736125758  2.319164E-28
5672.16639286641  1.988055E-28
5674.45559727261  2.306545E-28
5676.74497437811  2.373147E-28
5679.03452408478  1.998508E-28
5681.32424629441  2.720956E-28
5683.61414090871  2.407701E-28
5685.90420782934  2.153906E-28
5688.1944469579  2.787508E-28
5690.48485819589  2.228202E-28
5692.77544144478  2.561216E-28
5695.06619660594  2.690939E-28
5697.35712358069  2.022342E-28
5699.64822227027  2.284196E-28
5701.93949257588  2.523624E-28
5704.23093439861  2.693692E-28
5706.52254763951  2.617714E-28
5708.81433219957  2.818931E-28
5711.10628797968  2.363674E-28
5713.39841488068  2.605791E-28
5715.69071280335  2.810576E-28
5717.9831816484  2.849937E-28
5720.27582131645  2.898931E-28
5722.56863170808  2.733802E-28
5724.86161272379  2.988349E-28
5727.15476426401  2.987320E-28
5729.4480862291  2.531601E-28
5731.74157851937  2.839046E-28
5734.03524103502  2.506754E-28
5736.32907367625  3.108940E-28
5738.62307634312  2.996742E-28
5740.91724893567  2.884519E-28
5743.21159135385  2.772321E-28
5745.50610349756  2.660099E-28
5747.80078526661  2.879323E-28
5750.09563656076  3.098704E-28
5752.39065727969  2.855269E-28
5754.68584732302  3.313315E-28
5756.98120659029  3.197497E-28
5759.276734981  3.328818E-28
5761.57243239455  3.017632E-28
5763.86829873029  3.278928E-28
5766.16433388749  3.352477E-28
5768.46053776537  2.771478E-28
5770.75691026307  3.049257E-28
5773.05345127965  3.026636E-28
5775.35016071414  3.539663E-28
5777.64703846546  3.804652E-28
5779.94408443248  3.031116E-28
5782.24129851401  3.014637E-28
5784.53868060878  2.899016E-28
5786.83623061546  3.444125E-28
5789.13394843264  3.364662E-28
5791.43183395885  3.275134E-28
5793.72988709257  3.366326E-28
5796.02810773217  3.544978E-28
5798.32649577599  3.399595E-28
5800.6250511223  3.074957E-28
5802.92377366926  3.452488E-28
5805.22266331502  3.086512E-28
5807.52171995762  3.599705E-28
5809.82094349505  3.276164E-28
5812.12033382523  3.378106E-28
5814.41989084602  3.520881E-28
5816.71961445518  3.108222E-28
5819.01950455045  2.867105E-28
5821.31956102946  3.259796E-28
5823.6197837898  3.138156E-28
5825.92017272897  3.445424E-28
5828.22072774442  3.416765E-28
5830.52144873353  3.146828E-28
5832.8223355936  3.023364E-28
5835.12338822187  3.482629E-28
5837.42460651552  3.114493E-28
5839.72599037164  3.394925E-28
5842.02753968728  3.218794E-28
5844.3292543594  3.001063E-28
5846.63113428489  3.318462E-28
5848.9331793606  3.080473E-28
5851.23538948329  3.727099E-28
5853.53776454965  3.291214E-28
5855.84030445631  3.109844E-28
5858.14300909983  3.504886E-28
5860.4458783767  3.443780E-28
5862.74891218335  3.194074E-28
5865.05211041613  3.277079E-28
5867.35547297133  3.059080E-28
5869.65899974518  3.331803E-28
5871.96269063382  3.795453E-28
5874.26654553335  3.740886E-28
5876.57056433976  3.383428E-28
5878.87474694903  3.319074E-28
5881.17909325702  3.492065E-28
5883.48360315955  3.558298E-28
5885.78827655236  3.315896E-28
5888.09311333113  3.838659E-28
5890.39811339147  3.364286E-28
5892.70327662892  3.640989E-28
5895.00860293896  3.185213E-28
5897.31409221699  3.793856E-28
5899.61974435834  3.613886E-28
5901.92555925829  3.394798E-28
5904.23153681204  4.106845E-28
5906.53767691472  3.967860E-28
5908.84397946139  3.843552E-28
5911.15044434707  3.860022E-28
5913.45707146666  3.453940E-28
5915.76386071504  3.992688E-28
5918.070811987  3.820419E-28
5920.37792517727  4.197902E-28
5922.6852001805  4.178392E-28
5924.99263689129  3.512790E-28
5927.30023520415  3.536401E-28
5929.60799501355  3.091138E-28
5931.91591621386  2.237603E-28
5934.2239986994  2.354494E-28
5936.53224236443  2.908143E-28
5938.84064710313  3.968953E-28
5941.14921280961  3.799188E-28
5943.45793937792  3.945183E-28
5945.76682670204  3.686335E-28
5948.07587467588  3.719357E-28
5950.38508319328  3.456887E-28
5952.69445214801  3.848850E-28
5955.00398143379  3.964356E-28
5957.31367094425  3.898954E-28
5959.62352057297  3.643040E-28
5961.93353021344  3.453203E-28
5964.2436997591  3.971507E-28
5966.55402910332  4.019372E-28
5968.8645181394  3.236046E-28
5971.17516676057  4.226791E-28
5973.48597486  3.898644E-28
5975.79694233077  3.389892E-28
5978.10806906592  3.799750E-28
5980.41935495841  3.683880E-28
5982.73079990112  4.099045E-28
5985.04240378688  3.009191E-28
5987.35416650846  3.850895E-28
5989.66608795853  3.865915E-28
5991.97816802971  3.665449E-28
5994.29040661456  4.076724E-28
5996.60280360556  4.102344E-28
5998.91535889514  3.928763E-28
6001.22807237562  3.755460E-28
6003.54094393931  4.273729E-28
6005.8539734784  3.656514E-28
6008.16716088505  3.012891E-28
6010.48050605133  4.566174E-28
6012.79400886924  3.491399E-28
6015.10766923074  4.246935E-28
6017.42148702769  4.685867E-28
6019.73546215189  5.017787E-28
6022.04959449509  4.539611E-28
6024.36388394895  4.625975E-28
6026.67833040508  3.245634E-28
6028.992933755  1.932306E-28
6031.30769389018  2.390779E-28
6033.62261070203  3.644056E-28
6035.93768408186  4.461763E-28
6038.25291392094  4.756600E-28
6040.56830011046  5.129563E-28
6042.88384254156  5.128177E-28
6045.19954110528  4.576925E-28
6047.51539569261  4.954876E-28
6049.83140619449  5.149160E-28
6052.14757250175  4.983713E-28
6054.46389450519  4.962727E-28
6056.78037209553  5.260050E-28
6059.09700516341  4.989623E-28
6061.41379359942  5.769263E-28
6063.73073729407  5.428701E-28
6066.0478361378  5.174641E-28
6068.36509002101  5.414357E-28
6070.68249883398  4.997664E-28
6073.00006246698  5.139972E-28
6075.31778081017  6.028990E-28
6077.63565375365  5.770787E-28
6079.95368118747  5.844426E-28
6082.27186300161  5.618601E-28
6084.59019908595  5.663401E-28
6086.90868933034  5.456793E-28
6089.22733362454  5.419188E-28
6091.54613185825  5.212310E-28
6093.8650839211  4.780129E-28
6096.18418970266  5.118460E-28
6098.50344909242  5.370704E-28
6100.8228619798  5.238192E-28
6103.14242825417  5.227080E-28
6105.46214780482  5.435714E-28
6107.78202052097  5.413763E-28
6110.10204629178  4.436221E-28
6112.42222500633  5.109362E-28
6114.74255655364  5.040000E-28
6117.06304082267  4.792815E-28
6119.3836777023  4.828293E-28
6121.70446708134  4.205514E-28
6124.02540884855  4.296269E-28
6126.34650289259  4.384752E-28
6128.66774910209  4.067030E-28
6130.98914736559  4.247102E-28
6133.31069757156  4.094829E-28
6135.63239960842  4.434833E-28
6137.95425336449  4.124736E-28
6140.27625872807  4.216367E-28
6142.59841558733  4.000782E-28
6144.92072383044  3.753130E-28
6147.24318334545  3.585993E-28
6149.56579402036  4.018442E-28
6151.88855574312  3.923357E-28
6154.21146840157  3.580889E-28
6156.53453188352  3.849479E-28
6158.8577460767  3.933533E-28
6161.18111086876  3.986390E-28
6163.50462614731  3.662813E-28
6165.82829179986  3.697725E-28
6168.15210771388  3.602414E-28
6170.47607377675  3.795098E-28
6172.80018987579  3.384849E-28
6175.12445589826  3.391664E-28
6177.44887173134  3.531337E-28
6179.77343726214  3.572883E-28
6182.09815237773  3.086215E-28
6184.42301696508  3.384532E-28
6186.7480309111  3.097928E-28
6189.07319410264  3.113927E-28
6191.39850642648  3.627379E-28
6193.72396776933  3.485265E-28
6196.04957801783  3.328782E-28
6198.37533705854  3.394732E-28
6200.70124477799  3.637661E-28
6203.0273010626  3.160302E-28
6205.35350579875  3.580545E-28
6207.67985887274  2.988768E-28
6210.00636017081  3.199556E-28
6212.33300957911  3.144307E-28
6214.65980698375  3.077866E-28
6216.98675227076  3.646445E-28
6219.3138453261  3.256237E-28
6221.64108603567  3.349216E-28
6223.96847428529  3.505336E-28
6226.29600996072  3.578227E-28
6228.62369294765  3.828459E-28
6230.95152313171  3.164832E-28
6233.27950039845  3.221533E-28
6235.60762463335  3.458640E-28
6237.93589572184  3.403624E-28
6240.26431354927  3.493877E-28
6242.59287800091  3.317481E-28
6244.92158896199  3.530790E-28
6247.25044631766  3.365629E-28
6249.57944995298  3.279206E-28
6251.90859975298  3.262224E-28
6254.2378956026  3.449251E-28
6256.56733738671  3.461427E-28
6258.89692499012  3.369520E-28
6261.22665829757  3.198548E-28
6263.55653719373  3.349394E-28
6265.88656156321  3.235936E-28
6268.21673129053  3.359727E-28
6270.54704626018  3.393065E-28
6272.87750635655  3.209815E-28
6275.20811146397  2.990052E-28
6277.5388614667  3.077406E-28
6279.86975624895  3.390479E-28
6282.20079569484  2.928318E-28
6284.53197968843  3.139734E-28
6286.86330811371  3.259733E-28
6289.19478085461  3.621031E-28
6291.52639779498  3.359312E-28
6293.85815881862  2.924696E-28
6296.19006380924  3.187806E-28
6298.52211265049  3.097190E-28
6300.85430522597  2.713499E-28
6303.18664141919  2.822666E-28
6305.51912111359  3.233878E-28
6307.85174419256  2.691919E-28
6310.18451053942  3.018607E-28
6312.51742003739  3.179631E-28
6314.85047256968  3.088985E-28
6317.18366801937  3.204673E-28
6319.51700626953  3.255189E-28
6321.85048720311  3.255394E-28
6324.18411070302  3.328110E-28
6326.5178766521  3.283044E-28
6328.85178493312  3.211134E-28
6331.18583542879  3.574735E-28
6333.52002802173  3.675859E-28
6335.85436259452  3.129039E-28
6338.18883902964  3.187126E-28
6340.52345720954  3.208100E-28
6342.85821701656  3.051401E-28
6345.19311833302  3.262909E-28
6347.52816104112  3.360004E-28
6349.86334502304  2.909941E-28
6352.19867016085  2.917461E-28
6354.53413633659  3.300457E-28
6356.86974343221  3.512147E-28
6359.20549132959  3.414634E-28
6361.54137991055  3.055939E-28
6363.87740905685  3.788411E-28
6366.21357865016  3.079113E-28
6368.54988857211  3.866386E-28
6370.88633870423  3.312752E-28
6373.22292892801  3.485793E-28
6375.55965912485  3.602524E-28
6377.89652917611  3.455790E-28
6380.23353896305  3.632318E-28
6382.57068836689  3.427808E-28
6384.90797726875  3.415279E-28
6387.24540554972  3.016745E-28
6389.5829730908  3.605086E-28
6391.92067977292  3.521211E-28
6394.25852547695  3.485920E-28
6396.59651008368  3.363827E-28
6398.93463347386  3.416497E-28
6401.27289552815  3.251468E-28
6403.61129612713  3.364708E-28
6405.94983515135  3.235713E-28
6408.28851248124  3.036157E-28
6410.62732799722  3.508576E-28
6412.96628157961  3.389003E-28
6415.30537310866  3.530157E-28
6417.64460246455  3.074905E-28
6419.98396952741  3.256677E-28
6422.32347417729  2.946877E-28
6424.66311629418  3.107965E-28
6427.00289575799  3.626584E-28
6429.34281244857  3.406877E-28
6431.6828662457  3.178049E-28
6434.0230570291  3.178306E-28
6436.3633846784  3.459852E-28
6438.70384907319  2.992603E-28
6441.04445009297  3.474919E-28
6443.38518761719  2.936768E-28
6445.72606152521  3.373939E-28
6448.06707169635  3.158465E-28
6450.40821800983  2.997839E-28
6452.74950034484  3.305450E-28
6455.09091858046  3.159855E-28
6457.43247259574  3.664719E-28
6459.77416226964  3.349568E-28
6462.11598748105  3.109816E-28
6464.45794810881  2.891609E-28
6466.80004403168  3.268688E-28
6469.14227512835  3.588104E-28
6471.48464127744  3.021958E-28
6473.82714235752  3.243214E-28
6476.16977824707  3.032283E-28
6478.51254882452  3.233076E-28
6480.85545396822  3.448191E-28
6483.19849355645  3.359133E-28
6485.54166746745  3.217974E-28
6487.88497557934  3.120255E-28
6490.22841777022  3.608930E-28
6492.5719939181  3.347666E-28
6494.91570390093  3.160187E-28
6497.25954759658  2.990961E-28
6499.60352488287  2.891519E-28
6501.94763563754  3.192036E-28
6504.29187973827  3.395618E-28
6506.63625706265  3.009169E-28
6508.98076748823  3.203104E-28
6511.32541089248  3.031985E-28
6513.6701871528  3.213214E-28
6516.01509614654  3.018426E-28
6518.36013775094  2.650381E-28
6520.70531184322  2.898529E-28
6523.0506183005  3.402003E-28
6525.39605699986  3.265228E-28
6527.74162781827  3.516429E-28
6530.08733063268  2.983953E-28
6532.43316531994  3.078315E-28
6534.77913175683  3.206228E-28
6537.1252298201  3.240347E-28
6539.47145938638  3.124168E-28
6541.81782033227  2.677148E-28
6544.16431253429  1.855805E-28
6546.51093586889  2.027568E-28
6548.85769021246  2.817395E-28
6551.2045754413  3.057321E-28
6553.55159143167  3.247427E-28
6555.89873805975  2.930117E-28
6558.24601520165  3.085639E-28
6560.59342273341  3.199336E-28
6562.94096053102  2.885538E-28
6565.28862847037  3.244175E-28
6567.63642642732  3.081458E-28
6569.98435427762  3.513585E-28
6572.33241189699  3.348800E-28
6574.68059916107  3.186447E-28
6577.02891594541  2.292506E-28
6579.37736212553  1.531195E-28
6581.72593757686  1.243896E-28
6584.07464217475  2.680507E-28
6586.42347579451  3.261795E-28
6588.77243831137  3.202930E-28
6591.12152960048  3.366803E-28
6593.47074953695  2.959779E-28
6595.82009799579  3.081320E-28
6598.16957485196  3.444829E-28
6600.51917998036  3.381945E-28
6602.8689132558  3.362486E-28
6605.21877455304  3.281828E-28
6607.56876374676  3.269050E-28
6609.91888071158  3.165709E-28
6612.26912532205  3.377531E-28
6614.61949745265  3.275366E-28
6616.96999697779  3.288574E-28
6619.32062377183  3.614627E-28
6621.67137770904  3.274332E-28
6624.02225866363  3.464982E-28
6626.37326650974  3.387759E-28
6628.72440112144  3.473786E-28
6631.07566237275  3.271027E-28
6633.4270501376  3.056061E-28
6635.77856428985  3.163643E-28
6638.13020470332  3.084953E-28
6640.48197125174  3.515891E-28
6642.83386380877  3.356590E-28
6645.18588224801  3.464207E-28
6647.538026443  3.217107E-28
6649.89029626719  3.447059E-28
6652.24269159399  3.385202E-28
6654.59521229671  3.321380E-28
6656.94785824862  3.196903E-28
6659.3006293229  3.265209E-28
6661.65352539269  3.071293E-28
6664.00654633103  3.470557E-28
6666.35969201092  3.532445E-28
6668.71296230526  3.365552E-28
6671.06635708692  3.181292E-28
6673.41987622868  3.259588E-28
6675.77351960325  3.512556E-28
6678.12728708328  3.558380E-28
6680.48117854135  3.508742E-28
6682.83519384997  3.359623E-28
6685.18933288159  3.225613E-28
6687.54359550858  3.124090E-28
6689.89798160324  3.585169E-28
6692.25249103783  3.241433E-28
6694.60712368451  3.069171E-28
6696.96187941538  3.683502E-28
6699.31675810248  3.033022E-28
6701.67175961778  3.208689E-28
6704.02688383318  3.642240E-28
6706.38213062051  3.240782E-28
6708.73749985154  3.286848E-28
6711.09299139796  3.251252E-28
6713.4486051314  3.782967E-28
6715.80434092342  3.248433E-28
6718.16019864552  3.325895E-28
6720.51617816912  3.346093E-28
6722.87227936557  3.401822E-28
6725.22850210617  3.381857E-28
6727.58484626213  3.359416E-28
6729.94131170462  3.279443E-28
6732.2978983047  3.119869E-28
6734.65460593341  3.166282E-28
6737.01143446169  3.113870E-28
6739.36838376042  3.248466E-28
6741.72545370041  3.167144E-28
6744.08264415242  3.072107E-28
6746.43995498711  3.038740E-28
6748.7973860751  3.135062E-28
6751.15493728693  3.134585E-28
6753.51260849307  2.814256E-28
6755.87039956393  3.094476E-28
6758.22831036984  3.166900E-28
6760.58634078108  3.504361E-28
6762.94449066785  3.594573E-28
6765.30275990028  3.333693E-28
6767.66114834844  3.160742E-28
6770.01965588232  3.179975E-28
6772.37828237186  2.798903E-28
6774.73702768692  3.406462E-28
6777.09589169729  3.297554E-28
6779.4548742727  3.401619E-28
6781.81397528281  3.029845E-28
6784.17319459721  3.093518E-28
6786.53253208542  3.077511E-28
6788.89198761689  3.398779E-28
6791.25156106102  3.256485E-28
6793.61125228711  3.368081E-28
6795.97106116443  3.143935E-28
6798.33098756215  3.255984E-28
6800.6910313494  3.110992E-28
6803.0511923952  2.949127E-28
6805.41147056856  3.103758E-28
6807.77186573837  3.148508E-28
6810.13237777349  3.446486E-28
6812.49300654268  3.066682E-28
6814.85375191465  3.433040E-28
6817.21461375804  3.096819E-28
6819.57559194143  3.066064E-28
6821.93668633332  3.154540E-28
6824.29789680214  3.196792E-28
6826.65922321626  2.798194E-28
6829.02066544398  2.889546E-28
6831.38222335354  2.605971E-28
6833.74389681309  3.001744E-28
6836.10568569073  3.272353E-28
6838.4675898545  2.884610E-28
6840.82960917234  3.271079E-28
6843.19174351216  3.153777E-28
6845.55399274178  3.264927E-28
6847.91635672895  3.196393E-28
6850.27883534136  3.298276E-28
6852.64142844664  3.330365E-28
6855.00413591232  3.120079E-28
6857.36695760591  3.249484E-28
6859.72989339482  3.599994E-28
6862.09294314639  2.929646E-28
6864.45610672791  3.023339E-28
6866.81938400658  2.441431E-28
6869.18277484956  2.560929E-28
6871.54627912392  2.555424E-28
6873.90989669667  2.615862E-28
6876.27362743475  2.718965E-28
6878.63747120503  2.805189E-28
6881.00142787432  2.802052E-28
6883.36549730936  3.254948E-28
6885.72967937682  2.884591E-28
6888.09397394329  2.865607E-28
6890.45838087531  2.709145E-28
6892.82290003935  2.779874E-28
6895.18753130181  2.730286E-28
6897.552274529  2.808744E-28
6899.91712958721  3.151189E-28
6902.28209634261  3.179301E-28
6904.64717466134  3.106085E-28
6907.01236440945  3.062092E-28
6909.37766545293  3.209284E-28
6911.74307765771  2.943395E-28
6914.10860088964  2.919763E-28
6916.47423501451  3.298396E-28
6918.83997989803  3.372907E-28
6921.20583540586  3.314932E-28
6923.57180140357  2.805231E-28
6925.93787775668  3.373172E-28
6928.30406433064  2.803047E-28
6930.67036099083  3.512155E-28
6933.03676760256  3.256485E-28
6935.40328403106  3.223015E-28
6937.76991014152  3.245288E-28
6940.13664579905  2.966567E-28
6942.50349086867  3.323116E-28
6944.87044521537  3.394686E-28
6947.23750870404  2.778812E-28
6949.60468119953  3.235407E-28
6951.97196256659  3.257542E-28
6954.33935266993  3.163027E-28
6956.70685137417  3.210635E-28
6959.07445854389  3.170503E-28
6961.44217404357  3.081661E-28
6963.80999773766  3.330552E-28
6966.17792949049  3.177367E-28
6968.54596916637  3.112249E-28
6970.91411662952  3.599189E-28
6973.2823717441  3.158937E-28
6975.65073437419  3.353227E-28
6978.01920438381  3.331614E-28
6980.38778163692  3.363251E-28
6982.7564659974  2.970139E-28
6985.12525732907  3.021470E-28
6987.49415549567  3.306596E-28
6989.86316036089  2.932670E-28
6992.23227178833  3.012954E-28
6994.60148964154  3.318201E-28
6996.97081378401  3.215653E-28
6999.34024407912  3.198349E-28
7001.70978039024  3.451945E-28
7004.07942258063  3.140993E-28
7006.44917051349  3.113482E-28
7008.81902405196  3.300658E-28
7011.18898305911  3.253342E-28
7013.55904739795  3.408404E-28
7015.9292169314  3.115557E-28
7018.29949152233  3.119598E-28
7020.66987103353  2.993036E-28
7023.04035532774  3.041754E-28
7025.41094426762  3.340047E-28
7027.78163771576  3.503683E-28
7030.15243553468  3.440632E-28
7032.52333758685  3.363823E-28
7034.89434373465  3.364121E-28
7037.26545384041  3.254979E-28
7039.63666776638  3.512254E-28
7042.00798537474  3.280367E-28
7044.37940652761  3.198996E-28
7046.75093108704  3.223786E-28
7049.12255891502  3.239248E-28
7051.49428987346  2.930786E-28
7053.86612382419  3.316557E-28
7056.23806062902  3.467762E-28
7058.61010014963  3.327676E-28
7060.98224224768  3.101454E-28
7063.35448678474  3.340873E-28
7065.72683362232  3.375323E-28
7068.09928262185  3.148813E-28
7070.4718336447  3.016604E-28
7072.84448655218  1.879209E-28
7075.21724120552  9.830904E-29
7077.59009746589  1.369684E-28
7079.96305519439  1.748210E-28
7082.33611425205  2.632681E-28
7084.70927449983  3.067760E-28
7087.08253579863  3.302264E-28
7089.45589800927  2.958183E-28
7091.82936099251  1.825469E-28
7094.20292460905  1.283733E-28
7096.5765887195  1.652062E-28
7098.95035318443  2.386155E-28
7101.32421786432  3.180564E-28
7103.69818261959  3.277241E-28
7106.07224731058  3.208822E-28
7108.44641179759  3.425050E-28
7110.82067594084  3.142492E-28
7113.19503960046  3.171938E-28
7115.56950263654  3.115544E-28
7117.94406490909  3.047378E-28
7120.31872627806  3.465799E-28
7122.69348660331  3.273563E-28
7125.06834574466  3.324160E-28
7127.44330356185  3.573008E-28
7129.81835991455  3.358511E-28
7132.19351466237  3.273158E-28
7134.56876766484  3.369464E-28
7136.94411878142  3.521469E-28
7139.31956787153  3.487419E-28
7141.69511479449  3.446944E-28
7144.07075940957  3.411711E-28
7146.44650157596  3.454995E-28
7148.82234115279  3.457884E-28
7151.19827799913  3.258912E-28
7153.57431197396  3.281645E-28
7155.95044293622  3.454988E-28
7158.32667074475  3.624157E-28
7160.70299525835  3.219020E-28
7163.07941633574  3.205468E-28
7165.45593383558  3.172469E-28
7167.83254761644  3.411381E-28
7170.20925753684  3.191496E-28
7172.58606345524  3.437438E-28
7174.96296523001  3.360619E-28
7177.33996271947  3.547973E-28
7179.71705578187  3.183877E-28
7182.09424427538  3.290152E-28
7184.47152805811  2.962986E-28
7186.84890698811  3.277836E-28
7189.22638092334  3.224749E-28
7191.60394972172  3.321523E-28
7193.98161324108  3.285819E-28
7196.35937133919  3.221421E-28
7198.73722387375  3.333188E-28
7201.11517070241  3.421496E-28
7203.49321168272  3.029638E-28
7205.87134667217  3.564089E-28
7208.24957552822  3.440733E-28
7210.62789810821  3.600959E-28
7213.00631426944  3.288005E-28
7215.38482386914  3.104572E-28
7217.76342676446  2.868758E-28
7220.1421228125  2.857408E-28
7222.52091187028  3.094259E-28
7224.89979379476  3.654257E-28
7227.27876844281  3.808485E-28
7229.65783567126  3.654257E-28
7232.03699533687  3.607752E-28
7234.41624729631  3.666012E-28
7236.7955914062  4.001271E-28
7239.17502752308  3.113538E-28
7241.55455550345  3.567764E-28
7243.9341752037  3.354394E-28
7246.31388648018  3.802841E-28
7248.69368918917  3.146639E-28
7251.07358318687  4.007556E-28
7253.45356832943  3.304377E-28
7255.83364447291  3.546445E-28
7258.21381147332  3.665589E-28
7260.5940691866  3.300570E-28
7262.97441746861  3.728625E-28
7265.35485617515  3.461176E-28
7267.73538516196  3.724847E-28
7270.1160042847  3.921943E-28
7272.49671339896  3.504209E-28
7274.87751236028  3.378201E-28
7277.25840102412  3.248915E-28
7279.63937924586  3.474524E-28
7282.02044688083  3.360240E-28
7284.40160378429  3.011115E-28
7286.78284981142  4.105274E-28
7289.16418481736  3.721460E-28
7291.54560865714  3.063668E-28
7293.92712118576  3.560954E-28
7296.30872225813  3.169967E-28
7298.6904117291  3.405168E-28
7301.07218945345  3.277402E-28
7303.45405528589  3.827810E-28
7305.83600908108  3.798416E-28
7308.21805069358  3.504683E-28
7310.60017997791  3.570281E-28
7312.98239678851  3.760369E-28
7315.36470097975  3.535843E-28
7317.74709240593  3.382799E-28
7320.1295709213  3.886094E-28
7322.51213638002  3.943809E-28
7324.8947886362  3.661982E-28
7327.27752754387  3.913127E-28
7329.66035295699  3.574028E-28
7332.04326472946  3.465024E-28
7334.42626271512  3.517597E-28
7336.80934676772  3.547011E-28
7339.19251674096  3.652775E-28
7341.57577248847  3.971949E-28
7343.9591138638  4.025841E-28
7346.34254072044  3.770797E-28
7348.72605291182  3.538128E-28
7351.10965029129  4.291184E-28
7353.49333271213  3.800315E-28
7355.87710002757  4.040076E-28
7358.26095209076  3.657093E-28
7360.64488875477  3.989047E-28
7363.02890987263  3.402057E-28
7365.41301529728  3.719045E-28
7367.79720488159  3.396507E-28
7370.18147847839  3.853399E-28
7372.56583594041  4.068162E-28
7374.95027712032  3.736214E-28
7377.33480187074  3.935276E-28
7379.71941004421  3.633754E-28
7382.10410149319  3.806910E-28
7384.48887607009  3.680110E-28
7386.87373362725  3.879035E-28
7389.25867401692  3.975130E-28
7391.64369709132  3.349794E-28
7394.02880270257  3.616908E-28
7396.41399070274  3.624858E-28
7398.79926094381  3.880397E-28
7401.18461327773  3.684984E-28
7403.57004755635  3.777103E-28
7405.95556363146  4.038912E-28
7408.34116135479  3.789999E-28
7410.72684057799  3.816189E-28
7413.11260115265  3.725299E-28
7415.49844293029  3.991161E-28
7417.88436576236  3.936229E-28
7420.27036950025  4.125275E-28
7422.65645399527  3.548211E-28
7425.04261909867  4.049323E-28
7427.42886466164  4.171087E-28
7429.81519053528  3.798933E-28
7432.20159657063  3.729443E-28
7434.58808261869  4.016556E-28
7436.97464853035  4.041365E-28
7439.36129415646  3.625880E-28
7441.74801934779  3.796254E-28
7444.13482395503  3.905003E-28
7446.52170782884  4.009516E-28
7448.90867081978  3.786625E-28
7451.29571277836  4.006991E-28
7453.68283355499  3.724177E-28
7456.07003300006  3.391890E-28
7458.45731096385  4.029391E-28
7460.8446672966  3.947830E-28
7463.23210184847  3.637522E-28
7465.61961446955  4.074965E-28
7468.00720500986  4.137909E-28
7470.39487331938  3.570730E-28
7472.78261924797  3.667692E-28
7475.17044264548  3.679649E-28
7477.55834336164  4.081294E-28
7479.94632124615  3.793249E-28
7482.33437614863  3.937658E-28
7484.72250791862  3.944507E-28
7487.11071640561  4.058323E-28
7489.49900145901  3.922228E-28
7491.88736292817  3.967265E-28
7494.27580066236  3.605790E-28
7496.6643145108  3.880230E-28
7499.05290432263  4.111016E-28
7501.44156994692  3.426403E-28
7503.83031123269  3.966246E-28
7506.21912802886  3.524014E-28
7508.60802018431  3.786821E-28
7510.99698754785  3.553393E-28
7513.3860299682  4.133291E-28
7515.77514729403  4.249188E-28
7518.16433937395  3.784355E-28
7520.55360605649  3.702489E-28
7522.9429471901  3.781805E-28
7525.33236262319  3.850904E-28
7527.72185220408  3.594428E-28
7530.11141578102  3.692446E-28
7532.50105320222  3.852374E-28
7534.8907643158  3.827455E-28
7537.2805489698  4.015141E-28
7539.67040701222  3.782656E-28
7542.06033829098  4.150441E-28
7544.45034265393  3.720441E-28
7546.84041994885  4.180307E-28
7549.23057002347  3.867623E-28
7551.62079272541  3.689632E-28
7554.01108790228  4.344081E-28
7556.40145540158  3.747176E-28
7558.79189507075  4.293986E-28
7561.18240675717  4.140063E-28
7563.57299030815  3.599733E-28
7565.96364557093  3.912479E-28
7568.35437239268  3.665999E-28
7570.7451706205  3.901282E-28
7573.13604010144  3.457503E-28
7575.52698068245  3.941117E-28
7577.91799221045  4.076512E-28
7580.30907453227  3.831822E-28
7582.70022749466  3.774429E-28
7585.09145094433  3.946615E-28
7587.48274472791  3.572783E-28
7589.87410869195  3.490677E-28
7592.26554268295  3.339097E-28
7594.65704654733  2.661194E-28
7597.04862013146  2.146863E-28
7599.44026328162  1.832361E-28
7601.83197584403  1.802030E-28
7604.22375766484  1.358879E-28
7606.61560859015  1.525656E-28
7609.00752846597  1.706884E-28
7611.39951713824  2.062956E-28
7613.79157445286  2.353035E-28
7616.18370025563  3.002723E-28
7618.5758943923  2.681551E-28
7620.96815670854  2.540391E-28
7623.36048704998  2.622245E-28
7625.75288526214  2.381425E-28
7628.14535119051  2.352069E-28
7630.53788468049  2.576020E-28
7632.93048557742  2.525115E-28
7635.32315372657  2.527268E-28
7637.71588897314  2.536201E-28
7640.10869116226  2.542829E-28
7642.501560139  2.618664E-28
7644.89449574837  2.949687E-28
7647.28749783529  2.906031E-28
7649.68056624462  2.872509E-28
7652.07370082116  3.172084E-28
7654.46690140964  3.453094E-28
7656.86016785471  3.111922E-28
7659.25350000096  3.537946E-28
7661.64689769293  3.194745E-28
7664.04036077505  3.483708E-28
7666.43388909174  3.652473E-28
7668.82748248728  3.581084E-28
7671.22114080596  3.913401E-28
7673.61486389193  3.817623E-28
7676.00865158933  3.983432E-28
7678.40250374219  3.944619E-28
7680.7964201945  3.572363E-28
7683.19040079017  3.793080E-28
7685.58444537304  3.768879E-28
7687.97855378689  3.795308E-28
7690.37272587543  3.708491E-28
7692.76696148229  3.832268E-28
7695.16126045105  3.374760E-28
7697.55562262522  4.200884E-28
7699.95004784822  4.157287E-28
7702.34453596343  4.406511E-28
7704.73908681414  3.852492E-28
7707.1337002436  4.136634E-28
7709.52837609495  3.643051E-28
7711.92311421131  4.081046E-28
7714.31791443569  4.822704E-28
7716.71277661107  4.934098E-28
7719.10770058032  3.949673E-28
7721.50268618629  3.987757E-28
7723.89773327171  3.963903E-28
7726.29284167929  4.150991E-28
7728.68801125164  3.775278E-28
7731.08324183131  4.214401E-28
7733.47853326079  4.152563E-28
7735.87388538251  4.156219E-28
7738.2692980388  4.187428E-28
7740.66477107195  4.074230E-28
7743.06030432417  4.160780E-28
7745.4558976376  4.105453E-28
7747.85155085434  3.545955E-28
7750.24726381637  4.162565E-28
7752.64303636565  4.847025E-28
7755.03886834405  4.244456E-28
7757.43475959337  4.399982E-28
7759.83070995536  4.243683E-28
7762.22671927168  4.093273E-28
7764.62278738393  4.288082E-28
7767.01891413365  4.501954E-28
7769.41509936231  3.619618E-28
7771.81134291129  3.478088E-28
7774.20764462194  4.096580E-28
7776.60400433552  3.974913E-28
7779.00042189321  3.729390E-28
7781.39689713615  3.981642E-28
7783.79342990539  3.692544E-28
7786.19002004193  3.869064E-28
7788.58666738668  3.837722E-28
7790.98337178051  3.050337E-28
7793.38013306419  3.854589E-28
7795.77695107845  4.258118E-28
7798.17382566394  3.358571E-28
7800.57075666124  4.159951E-28
7802.96774391086  4.025956E-28
7805.36478725326  4.191826E-28
7807.76188652881  3.922161E-28
7810.15904157782  3.831872E-28
7812.55625224053  3.702144E-28
7814.95351835713  4.044286E-28
7817.35083976772  4.177941E-28
7819.74821631234  4.029165E-28
7822.14564783095  3.732978E-28
7824.54313416347  4.122948E-28
7826.94067514972  3.925246E-28
7829.33827062949  3.851514E-28
7831.73592044246  4.230568E-28
7834.13362442827  4.312889E-28
7836.53138242648  4.107809E-28
7838.92919427658  3.664867E-28
7841.32705981802  3.947131E-28
7843.72497889014  4.313309E-28
7846.12295133224  3.966144E-28
7848.52097698354  3.546705E-28
7850.9190556832  4.352059E-28
7853.3171872703  5.155363E-28
7855.71537158388  4.150005E-28
7858.11360846287  3.888591E-28
7860.51189774617  4.301457E-28
7862.91023927259  4.285474E-28
7865.30863288088  4.423117E-28
7867.70707840971  4.107388E-28
7870.10557569772  3.949754E-28
7872.50412458343  3.989743E-28
7874.90272490533  4.224330E-28
7877.30137650182  4.192390E-28
7879.70007921125  4.147770E-28
7882.09883287188  4.641525E-28
7884.49763732193  3.861959E-28
7886.89649239953  4.422866E-28
7889.29539794275  4.180309E-28
7891.69435378959  3.956870E-28
7894.09335977799  4.037283E-28
7896.49241574581  4.257573E-28
7898.89152153085  4.126237E-28
7901.29067697083  3.872120E-28
7903.68988190343  4.320077E-28
7906.08913616622  4.018370E-28
7908.48843959675  3.796080E-28
7910.88779203247  3.976921E-28
7913.28719331076  3.893366E-28
7915.68664326895  4.629426E-28
7918.0861417443  3.665353E-28
7920.48568857399  3.970275E-28
7922.88528359513  4.084794E-28
7925.28492664478  4.570069E-28
7927.68461755993  4.280099E-28
7930.08435617748  4.729315E-28
7932.48414233428  4.079606E-28
7934.88397586711  4.162108E-28
7937.28385661269  4.120161E-28
7939.68378440765  4.145482E-28
7942.08375908856  4.425302E-28
7944.48378049195  3.881874E-28
7946.88384845423  3.832019E-28
7949.2839628118  4.595262E-28
7951.68412340094  3.643685E-28
7954.08433005789  4.170185E-28
7956.48458261883  4.168013E-28
7958.88488091985  4.024275E-28
7961.28522479698  4.163870E-28
7963.68561408618  4.533089E-28
7966.08604862336  3.992450E-28
7968.48652824433  4.697638E-28
7970.88705278486  4.210488E-28
7973.28762208065  4.488027E-28
7975.6882359673  4.232232E-28
7978.08889428038  4.078497E-28
7980.48959685538  3.770306E-28
7982.89034352772  4.135803E-28
7985.29113413275  4.487811E-28
7987.69196850575  4.370505E-28
7990.09284648193  4.523344E-28
7992.49376789646  4.213592E-28
7994.8947325844  3.850738E-28
7997.29574038078  4.271660E-28
7999.69679112053  4.325380E-28
8002.09788463852  4.374031E-28
8004.49902076958  3.913129E-28
8006.90019934844  4.395650E-28
8009.30142020977  4.357536E-28
8011.70268318818  4.154889E-28
8014.1039881182  4.247677E-28
8016.5053348343  4.396946E-28
8018.90672317089  4.611931E-28
8021.3081529623  3.958371E-28
8023.70962404279  4.507876E-28
8026.11113624655  4.556475E-28
8028.51268940773  4.406837E-28
8030.91428336037  4.010650E-28
8033.31591793848  4.373841E-28
8035.71759297598  4.514794E-28
8038.11930830672  4.149124E-28
8040.5210637645  4.047127E-28
8042.92285918304  4.243261E-28
8045.32469439598  4.625188E-28
8047.72656923692  4.397469E-28
8050.12848353938  3.794421E-28
8052.5304371368  4.549672E-28
8054.93242986257  4.157905E-28
8057.33446155  4.416848E-28
8059.73653203233  3.899780E-28
8062.13864114274  4.291211E-28
8064.54078871436  4.730064E-28
8066.9429745802  4.026389E-28
8069.34519857326  4.166354E-28
8071.74746052644  4.213192E-28
8074.14976027257  4.524724E-28
8076.55209764443  4.068395E-28
8078.95447247472  3.904267E-28
8081.35688459607  4.128167E-28
8083.75933384105  4.454002E-28
8086.16182004216  4.217410E-28
8088.56434303184  4.027329E-28
8090.96690264243  3.981994E-28
8093.36949870624  4.190030E-28
8095.7721310555  4.380273E-28
8098.17479952236  4.373839E-28
8100.57750393892  4.408888E-28
8102.9802441372  4.136889E-28
8105.38301994915  3.943441E-28
8107.78583120666  4.247131E-28
8110.18867774155  4.272051E-28
8112.59155938557  4.163436E-28
8114.99447597042  4.045966E-28
8117.39742732769  4.050513E-28
8119.80041328894  3.766851E-28
8122.20343368565  3.573466E-28
8124.60648834923  4.118147E-28
8127.00957711103  4.446876E-28
8129.41269980232  4.162596E-28
8131.81585625431  4.150367E-28
8134.21904629813  3.837192E-28
8136.62226976487  4.329084E-28
8139.02552648552  3.996110E-28
8141.42881629103  4.354164E-28
8143.83213901225  4.274186E-28
8146.23549448  4.419103E-28
8148.638882525  4.219551E-28
8151.04230297792  3.404029E-28
8153.44575566935  3.946859E-28
8155.84924042982  4.016984E-28
8158.2527570898  4.319000E-28
8160.65630547968  3.567842E-28
8163.05988542978  3.965120E-28
8165.46349677035  4.166864E-28
8167.8671393316  3.644830E-28
8170.27081294363  3.711324E-28
8172.67451743651  4.009871E-28
8175.07825264021  4.173558E-28
8177.48201838466  3.870387E-28
8179.8858144997  4.350502E-28
8182.28964081512  4.106461E-28
8184.69349716063  3.831883E-28
8187.09738336587  4.049624E-28
8189.50129926042  4.015432E-28
8191.9052446738  4.530959E-28
8194.30921943544  3.865239E-28
8196.71322337472  4.412410E-28
8199.11725632094  4.315962E-28
8201.52131810334  4.014553E-28
8203.9254085511  4.464146E-28
8206.32952749331  3.529189E-28
8208.733674759  4.053464E-28
8211.13785017715  4.070276E-28
8213.54205357666  4.105706E-28
8215.94628478634  3.939060E-28
8218.35054363498  4.123372E-28
8220.75482995125  4.197490E-28
8223.15914356379  4.080194E-28
8225.56348430115  4.092139E-28
8227.96785199183  3.930369E-28
8230.37224646425  4.240598E-28
8232.77666754676  3.798771E-28
8235.18111506766  4.040025E-28
8237.58558885515  3.998628E-28
8239.99008873739  4.136936E-28
8242.39461454247  4.336253E-28
8244.79916609839  4.273433E-28
8247.20374323311  4.157628E-28
8249.60834577451  4.388117E-28
8252.01297355039  4.466406E-28
8254.4176263885  4.368680E-28
8256.82230411652  4.050482E-28
8259.22700656205  4.080896E-28
8261.63173355264  4.017755E-28
8264.03648491575  4.561097E-28
8266.44126047878  4.287133E-28
8268.84606006908  4.196286E-28
8271.25088351392  4.279368E-28
8273.65573064049  4.517704E-28
8276.06060127592  4.198498E-28
8278.46549524728  3.622915E-28
8280.87041238156  3.875386E-28
8283.2753525057  3.998391E-28
8285.68031544654  4.082856E-28
8288.0853010309  4.373966E-28
8290.49030908549  3.953384E-28
8292.89533943696  3.518340E-28
8295.3003919119  4.373906E-28
8297.70546633684  4.510333E-28
8300.11056253823  3.872451E-28
8302.51568034246  5.085307E-28
8304.92081957583  4.739134E-28
8307.3259800646  4.180524E-28
8309.73116163495  4.368698E-28
8312.13636411299  4.375185E-28
8314.54158732477  4.236419E-28
8316.94683109627  4.479927E-28
8319.3520952534  4.216058E-28
8321.75737962198  4.429131E-28
8324.16268402781  4.204079E-28
8326.56800829658  4.466818E-28
8328.97335225393  4.857975E-28
8331.37871572544  4.184768E-28
8333.78409853659  4.335553E-28
8336.18950051283  4.467569E-28
8338.59492147953  3.866481E-28
8341.00036126198  4.271580E-28
8343.40581968541  4.653329E-28
8345.81129657498  5.272917E-28
8348.21679175579  4.644798E-28
8350.62230505286  4.621656E-28
8353.02783629114  3.620845E-28
8355.43338529555  4.362590E-28
8357.83895189088  4.292350E-28
8360.2445359019  4.276219E-28
8362.6501371533  4.029512E-28
8365.05575546969  4.403699E-28
8367.46139067562  4.338633E-28
8369.86704259558  4.898313E-28
8372.27271105398  4.381092E-28
8374.67839587516  4.254944E-28
8377.08409688341  3.947251E-28
8379.48981390294  4.138958E-28
8381.89554675789  4.285043E-28
8384.30129527233  4.469453E-28
8386.70705927028  3.968178E-28
8389.11283857566  4.266107E-28
8391.51863301236  3.998747E-28
8393.92444240418  4.287101E-28
8396.33026657485  5.018181E-28
8398.73610534803  4.553948E-28
8401.14195854733  4.842961E-28
8403.54782599628  4.527195E-28
8405.95370751835  4.468068E-28
8408.35960293693  4.329939E-28
8410.76551207534  4.365095E-28
8413.17143475684  4.367864E-28
8415.57737080464  3.874270E-28
8417.98332004185  3.997460E-28
8420.38928229153  4.404689E-28
8422.79525737666  4.493208E-28
8425.20124512017  4.205870E-28
8427.60724534491  3.500309E-28
8430.01325787366  4.043813E-28
8432.41928252915  4.274783E-28
8434.82531913401  4.245889E-28
8437.23136751082  4.199522E-28
8439.63742748212  4.286340E-28
8442.04349887032  4.035480E-28
8444.44958149782  4.356531E-28
8446.85567518692  4.241879E-28
8449.26177975986  4.182622E-28
8451.66789503882  4.758190E-28
8454.0740208459  4.100864E-28
8456.48015700313  4.139406E-28
8458.88630333249  4.489394E-28
8461.29245965588  4.271117E-28
8463.69862579512  3.984475E-28
8466.104801572  3.914781E-28
8468.51098680819  3.273314E-28
8470.91718132534  4.185513E-28
8473.323384945  4.413597E-28
8475.72959748868  4.632064E-28
8478.13581877778  4.600278E-28
8480.54204863367  4.284280E-28
8482.94828687764  3.768476E-28
8485.35453333092  4.489001E-28
8487.76078781465  4.288866E-28
8490.16705014993  4.855288E-28
8492.57332015776  4.300898E-28
8494.97959765911  4.211080E-28
8497.38588247485  4.367378E-28
8499.79217442579  4.321149E-28
8502.19847333269  4.257446E-28
8504.60477901622  3.746755E-28
8507.01109129699  3.915402E-28
8509.41740999555  4.486405E-28
8511.82373493237  4.393683E-28
8514.23006592784  4.643723E-28
8516.63640280233  4.486933E-28
8519.04274537609  4.839630E-28
8521.44909346933  4.745041E-28
8523.85544690218  4.388042E-28
8526.26180549471  4.170336E-28
8528.66816906691  4.541037E-28
8531.07453743873  4.563868E-28
8533.48091043002  4.473872E-28
8535.88728786058  4.444804E-28
8538.29366955014  4.635801E-28
8540.70005531835  4.362517E-28
8543.1064449848  4.097661E-28
8545.51283836902  4.097197E-28
8547.91923529047  3.980072E-28
8550.32563556854  4.978873E-28
8552.73203902253  4.385921E-28
8555.13844547171  4.415851E-28
8557.54485473526  4.025034E-28
8559.95126663229  4.417442E-28
8562.35768098185  4.527038E-28
8564.76409760293  4.162988E-28
8567.17051631443  4.114224E-28
8569.57693693519  4.596706E-28
8571.98335928401  4.661640E-28
8574.38978317957  3.910999E-28
8576.79620844052  4.190948E-28
8579.20263488544  4.436860E-28
8581.60906233284  4.390493E-28
8584.01549060114  4.500563E-28
8586.42191950871  4.448417E-28
8588.82834887386  4.364538E-28
8591.23477851482  4.764113E-28
8593.64120824975  4.069802E-28
8596.04763789675  4.487402E-28
8598.45406727385  4.545537E-28
8600.86049619901  4.488868E-28
8603.26692449013  4.537366E-28
8605.67335196502  4.510279E-28
8608.07977844145  4.553816E-28
8610.48620373709  4.718691E-28
8612.8926276696  4.187234E-28
8615.29905005649  4.588795E-28
8617.70547071528  5.120508E-28
8620.11188946336  4.642232E-28
8622.5183061181  4.987983E-28
8624.92472049677  3.998403E-28
8627.33113241659  5.099973E-28
8629.7375416947  4.825976E-28
8632.14394814819  4.250809E-28
8634.55035159405  5.077533E-28
8636.95675184924  4.616583E-28
8639.36314873063  4.624795E-28
8641.76954205502  4.824260E-28
8644.17593163915  4.220565E-28
8646.58231729969  4.782489E-28
8648.98869885325  5.386671E-28
8651.39507611636  5.279565E-28
8653.80144890548  4.553501E-28
8656.20781703701  4.383587E-28
8658.61418032729  4.840193E-28
8661.02053859258  5.154514E-28
8663.42689164907  4.234890E-28
8665.83323931289  5.304049E-28
8668.23958140009  4.899876E-28
8670.64591772667  4.457601E-28
8673.05224810856  5.217315E-28
8675.4585723616  4.878186E-28
8677.86489030158  4.524132E-28
8680.27120174423  4.812193E-28
8682.67750650519  5.029324E-28
8685.08380440004  4.724130E-28
8687.49009524432  4.873541E-28
8689.89637885345  4.929546E-28
8692.30265504282  4.865607E-28
8694.70892362774  4.880588E-28
8697.11518442346  5.103466E-28
8699.52143724515  5.008712E-28
8701.92768190792  4.408781E-28
8704.3339182268  5.454838E-28
8706.74014601678  4.854759E-28
8709.14636509275  4.834055E-28
8711.55257526955  5.076611E-28
8713.95877636195  5.122523E-28
8716.36496818465  5.078339E-28
8718.77115055228  5.198306E-28
8721.1773232794  4.905338E-28
8723.58348618052  5.057344E-28
8725.98963907006  5.291697E-28
8728.39578176238  5.210576E-28
8730.80191407177  5.271433E-28
8733.20803581246  4.969006E-28
8735.6141467986  4.544810E-28
8738.02024684429  5.086833E-28
8740.42633576354  5.158717E-28
8742.83241337031  4.826439E-28
8745.23847947848  5.186393E-28
8747.64453390187  5.755585E-28
8750.05057645424  5.350733E-28
8752.45660694925  5.363450E-28
8754.86262520052  5.503448E-28
8757.2686310216  5.341094E-28
8759.67462422597  5.441555E-28
8762.08060462703  5.518876E-28
8764.48657203813  4.393933E-28
8766.89252627254  4.597947E-28
8769.29846714347  5.966820E-28
8771.70439446405  5.642478E-28
8774.11030804735  5.503448E-28
8776.51620770638  5.681047E-28
8778.92209325406  6.106034E-28
8781.32796450328  5.727329E-28
8783.73382126682  5.580585E-28
8786.13966335741  5.681047E-28
8788.54549058771  5.503448E-28
8790.95130277033  5.426128E-28
8793.35709971778  5.355939E-28
8795.76288124253  4.917810E-28
8798.16864715697  5.376332E-28
8800.5743972734  5.389571E-28
8802.98013140411  5.313618E-28
8805.38584936126  5.404053E-28
8807.79155095697  6.118675E-28
8810.19723600332  5.533692E-28
8812.60290431225  5.618775E-28
8815.00855569571  5.454166E-28
8817.41418996553  5.708578E-28
8819.81980693349  5.350933E-28
8822.22540641131  5.558228E-28
8824.63098821061  5.831848E-28
8827.036552143  4.789033E-28
8829.44209801996  4.316122E-28
8831.84762565294  5.487589E-28
8834.25313485331  6.313952E-28
8836.65862543238  5.623951E-28
8839.06409720137  4.999858E-28
8841.46954997146  5.719926E-28
8843.87498355375  5.182546E-28
8846.28039775926  5.859285E-28
8848.68579239897  5.830977E-28
8851.09116728376  6.473061E-28
8853.49652222448  5.643551E-28
8855.90185703186  5.958696E-28
8858.30717151662  6.566515E-28
8860.71246548937  5.825422E-28
8863.11773876067  6.687035E-28
8865.522991141  6.192694E-28
8867.92822244079  6.536178E-28
8870.33343247039  6.106486E-28
8872.73862104009  6.731416E-28
8875.14378796009  6.849939E-28
8877.54893304056  7.355092E-28
8879.95405609157  6.903883E-28
8882.35915692313  6.753665E-28
8884.76423534518  6.749197E-28
8887.16929116761  6.932607E-28
8889.57432420023  7.647840E-28
8891.97933425278  7.406108E-28
8894.38432113492  7.971685E-28
8896.78928465625  7.247081E-28
8899.19422462634  8.150382E-28
8901.59914085463  8.096235E-28
8904.00403315054  6.625122E-28
8906.40890132339  8.074263E-28
8908.81374518245  8.459662E-28
8911.21856453691  8.968093E-28
8913.62335919592  8.474271E-28
8916.02812896852  8.317254E-28
8918.43287366371  8.987237E-28
8920.83759309043  7.711140E-28
8923.24228705752  9.434302E-28
8925.64695537378  8.584894E-28
8928.05159784792  8.930584E-28
8930.45621428861  9.060452E-28
8932.86080450443  8.558473E-28
8935.26536830389  8.448530E-28
8937.66990549546  8.583272E-28
8940.0744158875  8.632883E-28
8942.47889928834  8.334359E-28
8944.88335550622  8.228253E-28
8947.28778434931  8.493636E-28
8949.69218562574  8.341023E-28
8952.09655914354  8.302649E-28
8954.50090471069  7.909215E-28
8956.90522213509  6.901737E-28
8959.30951122458  6.906091E-28
8961.71377178694  8.807161E-28
8964.11800362987  7.662931E-28
8966.522206561  7.915999E-28
8968.9263803879  6.911897E-28
8971.33052491806  7.709290E-28
8973.73463995893  7.400940E-28
8976.13872531786  6.889359E-28
8978.54278080215  7.261951E-28
8980.94680621903  7.032518E-28
8983.35080137565  6.737066E-28
8985.75476607911  6.917532E-28
8988.15870013643  6.352015E-28
8990.56260335457  6.304914E-28
8992.96647554041  6.029502E-28
8995.37031650078  6.360565E-28
8997.77412604243  6.346110E-28
9000.17790397203  6.501143E-28
9002.58165009622  6.776052E-28
9004.98536422153  5.673730E-28
9007.38904615444  5.928238E-28
9009.79269570137  5.688030E-28
9012.19631266866  5.616776E-28
9014.5998968626  5.522529E-28
9017.00344808938  5.318249E-28
9019.40696615515  5.174511E-28
9021.81045086597  5.418786E-28
9024.21390202786  5.485857E-28
9026.61731944676  5.322132E-28
9029.02070292852  5.658560E-28
9031.42405227896  5.902573E-28
9033.8273673038  5.746197E-28
9036.23064780871  5.364641E-28
9038.63389359928  5.617526E-28
9041.03710448106  5.322360E-28
9043.44028025949  5.164882E-28
9045.84342073996  4.822372E-28
9048.24652572782  5.316474E-28
9050.64959502831  5.102389E-28
9053.05262844662  5.750718E-28
9055.45562578788  5.376749E-28
9057.85858685713  5.541835E-28
9060.26151145936  5.655161E-28
9062.6643993995  5.521990E-28
9065.06725048239  5.350431E-28
9067.47006451281  5.488710E-28
9069.87284129548  5.421861E-28
9072.27558063504  5.518012E-28
9074.67828233607  5.463678E-28
9077.08094620308  5.497053E-28
9079.48357204052  5.472022E-28
9081.88615965276  5.534699E-28
9084.2887088441  5.371799E-28
9086.69121941878  5.380143E-28
9089.09369118097  5.350841E-28
9091.49612393478  5.405173E-28
9093.89851748424  5.438648E-28
9096.30087163332  5.380143E-28
9098.70318618591  5.058727E-28
9101.10546094585  5.283992E-28
9103.5076957169  5.194307E-28
9105.90989030275  4.785458E-28
9108.31204450704  5.338030E-28
9110.71415813331  5.029549E-28
9113.11623098507  4.969739E-28
9115.51826286573  5.215607E-28
9117.92025357865  5.193260E-28
9120.32220292712  4.682000E-28
9122.72411071436  4.887806E-28
9125.12597674352  5.373994E-28
9127.52780081767  5.149660E-28
9129.92958273985  4.718215E-28
9132.33132231299  4.550443E-28
9134.73301933997  5.090352E-28
9137.13467362361  4.563448E-28
9139.53628496666  5.234332E-28
9141.93785317178  5.141766E-28
9144.33937804158  5.115135E-28
9146.74085937861  5.528688E-28
9149.14229698534  4.919183E-28
9151.54369066416  5.077637E-28
9153.94504021743  4.631977E-28
9156.3463454474  4.766157E-28
9158.74760615628  4.351275E-28
9161.14882214619  5.117919E-28
9163.54999321922  5.525185E-28
9165.95111917733  4.687009E-28
9168.35219982248  4.962334E-28
9170.75323495652  5.221179E-28
9173.15422438124  4.827867E-28
9175.55516789837  4.856453E-28
9177.95606530956  4.802113E-28
9180.3569164164  5.003336E-28
9182.75772102042  5.282526E-28
9185.15847892306  4.619781E-28
9187.55918992573  5.050572E-28
9189.95985382971  4.707682E-28
9192.36047043628  4.889273E-28
9194.76103954661  5.228330E-28
9197.16156096181  4.543890E-28
9199.56203448293  4.971785E-28
9201.96245991095  5.330787E-28
9204.36283704678  4.612000E-28
9206.76316569126  4.889404E-28
9209.16344564516  5.005712E-28
9211.56367670918  4.920544E-28
9213.96385868397  5.246852E-28
9216.3639913701  4.225593E-28
9218.76407456807  5.171154E-28
9221.16410807831  4.787503E-28
9223.56409170119  4.620440E-28
9225.96402523701  4.557439E-28
9228.36390848599  4.855835E-28
9230.76374124831  5.037744E-28
9233.16352332404  4.778051E-28
9235.56325451323  4.884796E-28
9237.96293461583  4.640796E-28
9240.36256343173  5.177810E-28
9242.76214076075  4.897517E-28
9245.16166640265  4.536559E-28
9247.56114015712  4.466771E-28
9249.96056182376  5.210288E-28
9252.35993120215  4.557524E-28
9254.75924809175  4.291563E-28
9257.15851229198  4.649205E-28
9259.5577236022  4.847718E-28
9261.95688182166  4.756798E-28
9264.35598674961  4.850951E-28
9266.75503818517  4.903722E-28
9269.15403592742  4.822731E-28
9271.55297977536  4.979222E-28
9273.95186952794  4.758577E-28
9276.35070498403  4.518195E-28
9278.74948594243  4.753857E-28
9281.14821220188  4.736313E-28
9283.54688356105  4.943283E-28
9285.94549981853  4.496629E-28
9288.34406077286  4.596290E-28
9290.7425662225  4.697789E-28
9293.14101596585  5.006603E-28
9295.53940980123  4.751111E-28
9297.93774752692  4.744715E-28
9300.33602894109  4.481474E-28
9302.73425384187  4.347305E-28
9305.13242202732  4.267867E-28
9307.53053329543  5.842648E-28
9309.92858744413  3.092216E-28
9312.32658427125  3.631180E-28
9314.72452357459  3.205429E-28
9317.12240515186  2.916639E-28
9319.52022880072  3.706188E-28
9321.91799431873  3.573981E-28
9324.31570150342  2.472345E-28
9326.71335015224  4.162868E-28
9329.11094006255  4.697763E-28
9331.50847103167  4.196993E-28
9333.90594285684  4.070521E-28
9336.30335533523  4.226448E-28
9338.70070826394  3.633149E-28
9341.09800144003  3.899300E-28
9343.49523466044  3.169468E-28
9345.89240772209  3.129228E-28
9348.28952042182  4.329155E-28
9350.68657255638  4.744428E-28
9353.08356392247  4.093853E-28
9355.48049431672  4.076237E-28
9357.8773635357  3.825610E-28
9360.2741713759  3.749864E-28
9362.67091763374  4.564905E-28
9365.06760210559  4.307465E-28
9367.46422458773  3.951586E-28
9369.86078487638  4.159246E-28
9372.25728276771  3.993829E-28
9374.65371805779  2.536439E-28
9377.05009054264  2.762667E-28
9379.44640001823  3.003286E-28
9381.84264628041  4.243599E-28
9384.23882912503  3.902928E-28
9386.63494834781  4.182448E-28
9389.03100374444  4.423782E-28
9391.42699511053  5.018460E-28
9393.82292224162  4.893848E-28
9396.21878493319  5.267348E-28
9398.61458298064  4.322529E-28
9401.01031617931  3.817147E-28
9403.40598432448  4.087461E-28
9405.80158721135  4.976819E-28
9408.19712463505  4.490570E-28
9410.59259639065  4.291823E-28
9412.98800227316  4.546044E-28
9415.38334207749  4.842470E-28
9417.77861559851  4.351041E-28
9420.17382263103  4.699206E-28
9422.56896296977  3.921165E-28
9424.96403640938  4.454470E-28
9427.35904274447  3.833163E-28
9429.75398176954  3.648985E-28
9432.14885327907  4.598849E-28
9434.54365706744  4.285508E-28
9436.93839292896  4.763440E-28
9439.3330606579  2.197002E-28
9441.72766004843  1.545716E-28
9444.12219089467  2.930406E-28
9446.51665299067  4.583549E-28
9448.91104613041  4.298851E-28
9451.3053701078  5.211743E-28
9453.69962471669  4.783768E-28
9456.09380975085  3.687662E-28
9458.487925004  3.289648E-28
9460.88197026976  2.256803E-28
9463.27594534172  4.161225E-28
9465.66985001339  4.628539E-28
9468.06368407819  4.819537E-28
9470.4574473295  4.213003E-28
9472.85113956062  4.833455E-28
9475.24476056478  4.400562E-28
9477.63831013514  1.978780E-28
9480.03178806481  2.367546E-28
9482.42519414681  4.100879E-28
9484.81852817411  4.630240E-28
9487.21178993959  4.465250E-28
9489.60497923609  4.516691E-28
9491.99809585636  4.735317E-28
9494.39113959309  4.799316E-28
9496.7841102389  4.881779E-28
9499.17700758636  5.005473E-28
9501.56983142793  4.592667E-28
9503.96258155604  4.878500E-28
9506.35525776305  4.616155E-28
9508.74785984123  4.569019E-28
9511.14038758279  4.624145E-28
9513.53284077989  4.518507E-28
9515.9252192246  4.869021E-28
9518.31752270893  2.305175E-28
9520.70975102483  3.393769E-28
9523.10190396416  3.911015E-28
9525.49398131874  4.220697E-28
9527.88598288031  4.236816E-28
9530.27790844053  4.129738E-28
9532.66975779101  4.038150E-28
9535.06153072328  4.226830E-28
9537.45322702881  3.750438E-28
9539.844846499  4.032940E-28
9542.23638892517  4.427779E-28
9544.6278540986  3.956622E-28
9547.01924181048  4.396624E-28
9549.41055185194  4.026475E-28
9551.80178401402  5.031040E-28
9554.19293808773  4.291982E-28
9556.584013864  4.168333E-28
9558.97501113367  3.873017E-28
9561.36592968753  4.397674E-28
9563.7567693163  3.914927E-28
9566.14752981064  4.236299E-28
9568.53821096112  2.714634E-28
9570.92881255826  4.514001E-28
9573.31933439252  4.232031E-28
9575.70977625427  5.042799E-28
9578.10013793382  4.400720E-28
9580.49041922142  4.021956E-28
9582.88061990725  4.143109E-28
9585.2707397814  4.556471E-28
9587.66077863393  4.474529E-28
9590.0507362548  4.017324E-28
9592.44061243392  3.833777E-28
9594.83040696113  4.036804E-28
9597.22011962618  3.969642E-28
9599.6097502188  4.506763E-28
9601.9992985286  4.741361E-28
9604.38876434516  4.102872E-28
9606.77814745796  3.197250E-28
9609.16744765644  5.020209E-28
9611.55666472996  3.537690E-28
9613.94579846781  4.359107E-28
9616.33484865922  4.199432E-28
9618.72381509334  3.813908E-28
9621.11269755927  3.580454E-28
9623.50149584603  4.291772E-28
9625.89020974255  4.428854E-28
9628.27883903775  4.178799E-28
9630.66738352042  4.329305E-28
9633.05584297933  4.361151E-28
9635.44421720314  3.641806E-28
9637.83250598048  4.115021E-28
9640.2207090999  3.993032E-28
9642.60882634986  4.012127E-28
9644.99685751879  4.476309E-28
9647.38480239502  3.343932E-28
9649.77266076682  4.289737E-28
9652.1604324224  4.349906E-28
9654.5481171499  3.738835E-28
9656.9357147374  4.415439E-28
9659.32322497288  3.818817E-28
9661.7106476443  3.849419E-28
9664.0979825395  4.342258E-28
9666.4852294463  4.339151E-28
9668.87238815242  2.393455E-28
9671.25945844552  4.484538E-28
9673.64644011321  4.050610E-28
9676.03333294299  4.442620E-28
9678.42013672235  4.172909E-28
9680.80685123866  3.449586E-28
9683.19347627925  3.367986E-28
9685.58001163138  4.464243E-28
9687.96645708222  4.180377E-28
9690.35281241891  4.766001E-28
9692.73907742849  5.258106E-28
9695.12525189794  4.272834E-28
9697.51133561418  4.961557E-28
9699.89732836407  3.030311E-28
9702.28322993436  4.454573E-28
9704.66904011179  4.611568E-28
9707.05475868299  3.725995E-28
9709.44038543454  3.630319E-28
9711.82592015294  4.083425E-28
9714.21136262464  4.188399E-28
9716.59671263601  4.509986E-28
9718.98196997335  3.155756E-28
9721.36713442289  4.191542E-28
9723.75220577081  4.665333E-28
9726.13718380321  4.143613E-28
9728.52206830611  4.025344E-28
9730.9068590655  4.199956E-28
9733.29155586724  3.534846E-28
9735.67615849719  3.192269E-28
9738.06066674109  4.282370E-28
9740.44508038464  4.151762E-28
9742.82939921347  3.522015E-28
9745.21362301313  4.111416E-28
9747.59775156911  3.981331E-28
9749.98178466683  3.966400E-28
9752.36572209164  3.816104E-28
9754.74956362884  4.384709E-28
9757.13330906363  4.293528E-28
9759.51695818116  4.325582E-28
9761.90051076652  3.823871E-28
9764.28396660472  4.355350E-28
9766.66732548071  4.488774E-28
9769.05058717936  4.375633E-28
9771.43375148548  4.401135E-28
9773.81681818381  4.185280E-28
9776.19978705903  4.867212E-28
9778.58265789574  4.705431E-28
9780.96543047848  4.124964E-28
9783.34810459173  4.516200E-28
9785.73068001987  3.815584E-28
9788.11315654725  3.689358E-28
9790.49553395813  2.288701E-28
9792.87781203671  3.438798E-28
9795.25999056712  3.313658E-28
9797.64206933342  3.281139E-28
9800.02404811961  3.469316E-28
9802.40592670961  4.467674E-28
9804.78770488727  4.646187E-28
9807.1693824364  4.145547E-28
9809.55095914072  4.342781E-28
9811.93243478387  3.939260E-28
9814.31380914945  4.277578E-28
9816.69508202097  4.572923E-28
9819.07625318189  4.219120E-28
9821.45732241558  3.985780E-28
9823.83828950536  4.589716E-28
9826.21915423448  3.742980E-28
9828.59991638612  4.059372E-28
9830.98057574339  4.214717E-28
9833.36113208933  3.334164E-28
9835.74158520692  4.067895E-28
9838.12193487907  4.538531E-28
9840.5021808886  4.698524E-28
9842.88232301831  4.377357E-28
9845.26236105088  3.991466E-28
9847.64229476895  4.575973E-28
9850.0221239551  4.283683E-28
9852.40184839182  4.587577E-28
9854.78146786154  4.261443E-28
9857.16098214663  4.267624E-28
9859.54039102939  4.378555E-28
9861.91969429203  3.925100E-28
9864.29889171673  4.251942E-28
9866.67798308557  4.186833E-28
9869.05696818057  4.727500E-28
9871.4358467837  5.097274E-28
9873.81461867684  2.428817E-28
9876.19328364182  4.778838E-28
9878.57184146038  4.938105E-28
9880.95029191421  4.584878E-28
9883.32863478492  4.395625E-28
9885.70686985407  3.916706E-28
9888.08499690313  4.397819E-28
9890.46301571352  4.407780E-28
9892.84092606658  5.152992E-28
9895.21872774359  4.804293E-28
9897.59642052576  4.524591E-28
9899.97400419423  5.059294E-28
9902.35147853008  4.342731E-28
9904.7288433143  4.307405E-28
9907.10609832783  3.927026E-28
9909.48324335155  4.118201E-28
9911.86027816626  3.676051E-28
9914.23720255268  6.586535E-28
9916.61401629148  4.872906E-28
9918.99071916328  4.807097E-28
9921.36731094858  5.064193E-28
9923.74379142785  4.737747E-28
9926.12016038149  4.603506E-28
9928.49641758983  4.401757E-28
9930.87256283311  4.183898E-28
9933.24859589153  4.681954E-28
9935.62451654522  4.026732E-28
9938.00032457423  4.900144E-28
9940.37601975854  5.989271E-28
9942.75160187806  3.958880E-28
9945.12707071266  1.463491E-28
9947.50242604211  4.986296E-28
9949.87766764613  5.271800E-28
9952.25279530437  5.844228E-28
9954.6278087964  3.301758E-28
9957.00270790173  3.555928E-28
9959.37749239981  3.761008E-28
9961.75216207001  4.291177E-28
9964.12671669163  4.946934E-28
9966.50115604393  4.892407E-28
9968.87547990606  5.551719E-28
9971.24968805713  6.020316E-28
9973.62378027618  4.543341E-28
9975.99775634217  3.918635E-28
9978.371616034  4.557849E-28
9980.74535913051  4.683374E-28
9983.11898541045  4.670683E-28
9985.49249465253  4.954326E-28
9987.86588663536  4.345684E-28
9990.23916113751  4.935432E-28
9992.61231793748  4.910552E-28
9994.98535681368  3.863649E-28
9997.35827754447  4.604888E-28
9999.73107990813  4.249215E-28
10002.1037636829  4.820604E-28
10004.4763286469  4.879274E-28
10006.8487745783  5.353835E-28
10009.221101255  4.734690E-28
10011.593308455  2.926075E-28
10013.9653959561  2.759174E-28
10016.3373635363  4.632002E-28
10018.7092109732  4.712918E-28
10021.0809380445  4.256715E-28
10023.4525445278  3.408931E-28
10025.8240302007  4.805547E-28
10028.1953948406  3.369785E-28
10030.566638225  5.180603E-28
10032.9377601311  4.981647E-28
10035.3087603363  4.792733E-28
10037.6796386177  5.569025E-28
10040.0503947525  3.810072E-28
10042.4210285178  4.776309E-28
10044.7915396905  2.976202E-28
10047.1619280475  5.159823E-28
10049.5321933658  4.269857E-28
10051.9023354221  4.838093E-28
10054.2723539931  4.679899E-28
10056.6422488556  2.819137E-28
10059.012019786  4.251033E-28
10061.381666561  3.038921E-28
10063.7511889569  5.181955E-28
10066.1205867502  3.517542E-28
10068.4898597172  5.115320E-28
10070.859007634  5.220568E-28
10073.228030277  4.273611E-28
10075.5969274222  5.165249E-28
10077.9656988457  3.754190E-28
10080.3343443234  1.980910E-28
10082.7028636313  4.275476E-28
10085.0712565452  6.048120E-28
10087.4395228408  3.923038E-28
10089.8076622939  4.613647E-28
10092.1756746801  4.884891E-28
10094.543559775  5.705952E-28
10096.9113173541  3.187944E-28
10099.2789471928  4.607599E-28
10101.6464490665  4.156802E-28
10104.0138227505  5.024349E-28
10106.38106802  4.677693E-28
10108.7481846502  5.476908E-28
10111.1151724162  4.186453E-28
10113.482031093  5.364238E-28
10115.8487604555  5.364379E-28
10118.2153602787  4.331826E-28
10120.5818303373  3.805136E-28
10122.9481704062  3.989086E-28
10125.31438026  4.070537E-28
10127.6804596734  3.605830E-28
10130.0464084208  5.365079E-28
10132.4122262768  5.039901E-28
10134.7779130158  4.481157E-28
10137.1434684121  4.442611E-28
10139.5088922401  5.984507E-28
10141.8741842739  5.536662E-28
10144.2393442876  5.078770E-28
10146.6043720554  4.119764E-28
10148.9692673513  4.513457E-28
10151.3340299491  3.986026E-28
10153.6986596228  2.512294E-28
10156.0631561462  3.896943E-28
10158.427519293  2.405313E-28
10160.7917488369  4.506370E-28
10163.1558445514  5.178292E-28
10165.5198062102  5.681476E-28
10167.8836335866  1.763365E-28
10170.2473264541  5.499590E-28
10172.610884586  3.323053E-28
10174.9743077556  6.218371E-28
10177.337595736  5.222037E-28
10179.7007483004  6.099253E-28
10182.0637652218  4.287913E-28
10184.4266462732  3.763015E-28
10186.7893912276  6.553242E-28
10189.1519998578  5.275346E-28
10191.5144719366  6.179072E-28
10193.8768072367  3.832026E-28
10196.2390055307  4.956985E-28
10198.6010665912  4.786627E-28
10200.9629901908  3.396475E-28
10203.3247761019  3.462467E-28
10205.6864240969  6.808211E-28
10208.047933948  7.402485E-28
10210.4093054275  3.719044E-28
10212.7705383077  2.503633E-28
10215.1316323605  3.429026E-28
10217.4925873581  5.790457E-28
10219.8534030724  3.371801E-28
10222.2140792753  6.293378E-28
10224.5746157386  3.355562E-28
10226.9350122341  4.432313E-28
10229.2952685336  2.387785E-28
10231.6553844086  3.528268E-28
10234.0153596306  3.090063E-28
10236.3751939713  5.078413E-28
10238.734887202  4.347519E-28
10241.0944390941  6.023777E-28
10243.4538494188  4.359133E-28
10245.8131179475  5.276479E-28
10248.1722444512  4.845547E-28
10250.531228701  5.091051E-28
10252.8900704679  3.810306E-28
10255.248769523  4.766826E-28
10257.6073256371  4.661694E-28
10259.9657385809  5.190655E-28
10262.3240081253  5.220532E-28
10264.682134041  4.905529E-28
10267.0401160985  3.430492E-28
10269.3979540683  3.181745E-28
10271.755647721  3.634224E-28
10274.113196827  4.239498E-28
10276.4706011566  1.758904E-28
10278.8278604801  3.264927E-28
10281.1849745676  1.456853E-28
10283.5419431894  1.278176E-28
