wavelength	flux_density
3199.48755081218  2.791598E-28
3200.53943382358  3.401437E-28
3201.59137509121  5.598168E-29
3202.64337456967  3.752839E-29
3203.69543221356  1.830430E-28
3204.7475479775  1.626276E-28
3205.79972181608  2.092267E-28
3206.85195368392  -4.386253E-29
3207.90424353562  2.738397E-28
3208.95659132579  2.675184E-28
3210.00899700903  1.647549E-28
3211.06146053995  1.544007E-28
3212.11398187315  1.366126E-28
3213.16656096325  1.715493E-28
3214.21919776484  2.055752E-28
3215.27189223254  1.194520E-28
3216.32464432095  2.303390E-28
3217.37745398468  1.692857E-28
3218.43032117833  1.661195E-28
3219.48324585651  1.275447E-28
3220.53622797382  1.759681E-28
3221.58926748488  1.200524E-28
3222.64236434428  1.532582E-28
3223.69551850664  1.267328E-28
3224.74872992655  5.740230E-29
3225.80199855864  6.091857E-29
3226.85532435749  1.636611E-28
3227.90870727772  1.202944E-28
3228.96214727394  1.675192E-28
3230.01564430075  1.379452E-28
3231.06919831276  3.770171E-29
3232.12280926457  1.569068E-28
3233.17647711079  -1.522282E-29
3234.23020180602  2.206929E-28
3235.28398330488  1.062194E-28
3236.33782156196  1.001685E-28
3237.39171653188  -9.604574E-29
3238.44566816924  7.452235E-29
3239.49967642864  2.232304E-28
3240.5537412647  1.311427E-28
3241.60786263202  1.132980E-28
3242.6620404852  9.052193E-29
3243.71627477886  2.074272E-28
3244.77056546759  2.760372E-29
3245.824912506  -4.265799E-29
3246.87931584871  4.453665E-29
3247.93377545031  2.429360E-29
3248.98829126541  -1.233594E-29
3250.04286324862  3.094826E-31
3251.09749135455  4.099238E-29
3252.1521755378  4.555176E-29
3253.20691575297  1.620838E-29
3254.26171195468  6.086148E-31
3255.31656409752  -2.514922E-29
3256.37147213612  -5.192088E-29
3257.42643602506  5.974474E-29
3258.48145571896  1.215694E-28
3259.53653117243  -4.286609E-29
3260.59166234007  2.118031E-28
3261.64684917648  1.601206E-28
3262.70209163628  2.654197E-28
3263.75738967406  7.067658E-29
3264.81274324444  1.378426E-28
3265.86815230202  2.094457E-28
3266.92361680141  3.338093E-28
3267.97913669721  2.633146E-28
3269.03471194404  2.355573E-28
3270.09034249648  2.156804E-28
3271.14602830916  1.353024E-28
3272.20176933668  1.002228E-28
3273.25756553365  1.763255E-28
3274.31341685466  3.493875E-29
3275.36932325433  2.479417E-28
3276.42528468727  1.180505E-28
3277.48130110807  5.351096E-29
3278.53737247135  9.728465E-29
3279.59349873171  4.576025E-29
3280.64967984376  2.180353E-28
3281.7059157621  1.184232E-28
3282.76220644135  1.466490E-28
3283.8185518361  1.319596E-28
3284.87495190096  -4.134406E-29
3285.93140659054  3.252016E-29
3286.98791585945  1.121830E-28
3288.04447966229  -8.388805E-30
3289.10109795366  1.642291E-29
3290.15777068818  3.266728E-28
3291.21449782045  2.707663E-28
3292.27127930507  1.171079E-28
3293.32811509666  1.463098E-28
3294.38500514982  1.297677E-28
3295.44194941915  1.005148E-28
3296.49894785926  1.761741E-28
3297.55600042476  1.224558E-28
3298.61310707025  1.410094E-28
3299.67026775034  8.712997E-29
3300.72748241963  2.100846E-28
3301.78475103274  2.582374E-28
3302.84207354426  2.036750E-28
3303.89944990881  1.454116E-28
3304.95688008099  1.978307E-28
3306.01436401541  2.549895E-28
3307.07190166667  1.507077E-28
3308.12949298937  1.903779E-28
3309.18713793814  3.502156E-28
3310.24483646756  2.310763E-28
3311.30258853225  2.119695E-28
3312.36039408681  2.042994E-28
3313.41825308586  3.059984E-28
3314.47616548399  2.668677E-28
3315.53413123581  2.561269E-28
3316.59215029593  2.905728E-28
3317.65022261896  2.479518E-28
3318.70834815949  2.264233E-28
3319.76652687214  3.283625E-28
3320.82475871152  2.754311E-28
3321.88304363222  2.734707E-28
3322.94138158887  1.582774E-28
3323.99977253605  2.284025E-28
3325.05821642838  3.293099E-28
3326.11671322046  3.556888E-28
3327.17526286691  3.017625E-28
3328.23386532232  1.753028E-28
3329.2925205413  2.797459E-28
3330.35122847846  2.505542E-28
3331.40998908841  2.995025E-28
3332.46880232575  1.942135E-28
3333.52766814508  2.761980E-28
3334.58658650102  2.685837E-28
3335.64555734817  2.909385E-28
3336.70458064114  2.324471E-28
3337.76365633452  2.203372E-28
3338.82278438294  1.960411E-28
3339.88196474099  2.310297E-28
3340.94119736328  2.078971E-28
3342.00048220441  1.911407E-28
3343.059819219  1.339554E-28
3344.11920836165  1.056956E-28
3345.17864958697  9.603693E-29
3346.23814284955  1.322512E-28
3347.29768810402  1.195150E-28
3348.35728530496  8.263124E-29
3349.416934407  6.535126E-29
3350.47663536474  1.644731E-28
3351.53638813277  1.104493E-28
3352.59619266572  9.783259E-29
3353.65604891818  6.765021E-29
3354.71595684476  1.253232E-28
3355.77591640007  2.621323E-28
3356.83592753871  2.102106E-28
3357.8959902153  5.547716E-29
3358.95610438442  2.062843E-28
3360.0162700007  2.670757E-28
3361.07648701874  2.077731E-28
3362.13675539314  1.787604E-28
3363.19707507852  2.018657E-28
3364.25744602947  1.949525E-28
3365.3178682006  2.227052E-28
3366.37834154652  1.875778E-28
3367.43886602184  1.240783E-28
3368.49944158116  1.337203E-28
3369.56006817909  1.028345E-28
3370.62074577023  1.132217E-28
3371.68147430919  1.222028E-28
3372.74225375057  1.257943E-28
3373.803084049  1.375660E-28
3374.86396515905  1.955643E-28
3375.92489703536  1.027112E-28
3376.98587963251  1.290281E-28
3378.04691290512  1.433956E-28
3379.1079968078  4.468293E-29
3380.16913129514  9.693863E-29
3381.23031632176  5.239787E-29
3382.29155184226  9.137400E-29
3383.35283781125  6.228293E-29
3384.41417418334  1.014602E-28
3385.47556091313  1.621168E-28
3386.53699795522  1.509227E-28
3387.59848526422  2.109711E-28
3388.66002279475  1.072862E-28
3389.7216105014  9.177438E-29
3390.78324833878  7.484796E-30
3391.8449362615  8.987988E-29
3392.90667422416  8.799627E-29
3393.96846218137  4.500889E-29
3395.03030008774  1.164227E-28
3396.09218789787  1.284271E-28
3397.15412556637  1.107283E-28
3398.21611304785  9.686871E-29
3399.2781502969  1.610914E-28
3400.34023726815  1.108562E-28
3401.40237391618  1.521991E-28
3402.46456019562  1.542010E-28
3403.52679606106  1.104062E-28
3404.58908146712  9.136524E-29
3405.65141636839  5.110698E-29
3406.71380071948  1.043029E-28
3407.77623447501  7.493282E-29
3408.83871758957  4.773711E-29
3409.90125001778  1.416763E-28
3410.96383171423  2.179450E-29
3412.02646263355  8.803367E-29
3413.08914273032  1.085688E-28
3414.15187195916  1.132557E-28
3415.21465027467  1.244977E-28
3416.27747763146  1.074071E-28
3417.34035398414  1.644220E-28
3418.40327928732  1.781281E-28
3419.46625349559  8.757421E-29
3420.52927656356  1.022131E-28
3421.59234844585  9.314194E-29
3422.65546909705  7.886625E-29
3423.71863847178  8.789629E-29
3424.78185652464  1.590133E-28
3425.84512321023  1.341419E-28
3426.90843848316  5.250514E-29
3427.97180229804  -1.199229E-29
3429.03521460948  7.033792E-29
3430.09867537208  4.634301E-29
3431.16218454044  1.583281E-28
3432.22574206918  7.181753E-29
3433.28934791289  7.191619E-29
3434.35300202619  5.026384E-29
3435.41670436369  1.249024E-29
3436.48045487998  1.051984E-28
3437.54425352967  1.190304E-28
3438.60810026737  1.771619E-28
3439.67199504769  1.570442E-28
3440.73593782524  1.191279E-28
3441.79992855461  5.740352E-29
3442.86396719041  9.673624E-29
3443.92805368726  2.055112E-28
3444.99218799975  9.543757E-29
3446.0563700825  6.935986E-29
3447.1205998901  9.285502E-29
3448.18487737717  1.081738E-28
3449.24920249832  1.056137E-28
3450.31357520814  1.382167E-28
3451.37799546125  1.031025E-28
3452.44246321224  3.332959E-29
3453.50697841574  -1.674911E-29
3454.57154102633  3.712850E-29
3455.63615099864  4.148408E-29
3456.70080828726  1.303677E-29
3457.7655128468  5.676831E-29
3458.83026463187  8.226990E-29
3459.89506359707  1.020029E-28
3460.95990969701  9.884039E-29
3462.0248028863  4.442970E-29
3463.08974311954  1.209516E-28
3464.15473035134  6.305010E-29
3465.2197645363  1.639109E-28
3466.28484562904  9.412421E-29
3467.34997358415  9.015117E-29
3468.41514835624  1.094526E-28
3469.48036989993  1.243986E-28
3470.54563816981  7.190481E-29
3471.61095312049  1.113133E-28
3472.67631470658  6.720948E-29
3473.74172288269  1.065919E-28
3474.80717760341  9.713221E-29
3475.87267882336  8.453221E-29
3476.93822649714  1.316562E-28
3478.00382057937  1.699749E-28
3479.06946102463  1.103134E-28
3480.13514778755  4.057872E-29
3481.20088082273  6.498311E-29
3482.26666008477  1.002378E-28
3483.33248552828  8.068197E-29
3484.39835710787  1.452623E-28
3485.46427477814  1.612388E-28
3486.53023849369  1.412416E-28
3487.59624820915  1.615510E-28
3488.6623038791  1.165505E-28
3489.72840545816  8.974782E-29
3490.79455290093  1.662764E-28
3491.86074616202  1.560702E-28
3492.92698519604  1.704676E-28
3493.99326995759  1.127230E-28
3495.05960040128  1.556299E-28
3496.12597648171  7.828245E-29
3497.19239815349  1.467084E-28
3498.25886537123  2.131351E-28
3499.32537808953  1.447337E-28
3500.391936263  1.734158E-28
3501.45853984624  1.181984E-28
3502.52518879387  1.719156E-28
3503.59188306048  1.689328E-28
3504.65862260069  1.707590E-28
3505.7254073691  1.532045E-28
3506.79223732031  1.422048E-28
3507.85911240894  1.365582E-28
3508.92603258958  1.612403E-28
3509.99299781685  1.175307E-28
3511.06000804535  9.392536E-29
3512.12706322968  1.285829E-28
3513.19416332446  1.140559E-28
3514.26130828429  1.908729E-28
3515.32849806378  1.074064E-28
3516.39573261752  7.940716E-29
3517.46301190013  1.209259E-28
3518.53033586622  1.025528E-28
3519.59770447039  1.178870E-28
3520.66511766724  1.045487E-28
3521.73257541139  8.018446E-29
3522.80007765744  8.932302E-29
3523.86762435999  1.258645E-28
3524.93521547365  7.437129E-29
3526.00285095303  9.248927E-29
3527.07053075273  2.728248E-29
3528.13825482737  3.510527E-29
3529.20602313154  8.361442E-29
3530.27383561985  6.364743E-29
3531.34169224691  5.110555E-29
3532.40959296732  7.882494E-29
3533.4775377357  6.093001E-29
3534.54552650664  1.187525E-28
3535.61355923475  9.386363E-29
3536.68163587465  1.196640E-28
3537.74975638093  1.498366E-28
3538.8179207082  1.709043E-28
3539.88612881107  1.063844E-28
3540.95438064414  5.925770E-29
3542.02267616202  1.259539E-28
3543.09101531932  5.809716E-29
3544.15939807065  5.183489E-29
3545.2278243706  6.417289E-29
3546.29629417378  9.282603E-29
3547.36480743481  4.222232E-29
3548.43336410828  3.840028E-29
3549.50196414881  7.236703E-29
3550.570607511  9.760627E-29
3551.63929414945  1.021727E-28
3552.70802401878  1.360710E-28
3553.77679707359  5.220118E-29
3554.84561326847  5.752864E-29
3555.91447255805  8.406471E-29
3556.98337489693  6.784678E-29
3558.05232023971  9.796593E-29
3559.121308541  8.652678E-29
3560.1903397554  7.197694E-29
3561.25941383753  9.126395E-29
3562.32853074198  5.465007E-29
3563.39769042337  6.196951E-29
3564.4668928363  1.058940E-28
3565.53613793537  9.600770E-29
3566.6054256752  6.337961E-29
3567.67475601038  1.161268E-28
3568.74412889553  1.023843E-28
3569.81354428525  1.330954E-28
3570.88300213415  9.098956E-29
3571.95250239683  1.633613E-28
3573.02204502791  1.095111E-28
3574.09162998197  1.150436E-28
3575.16125721364  2.027768E-28
3576.23092667752  1.317462E-28
3577.30063832822  1.097408E-28
3578.37039212033  8.688057E-29
3579.44018800847  4.608949E-29
3580.51002594724  4.002996E-29
3581.57990589125  2.440047E-29
3582.64982779511  2.298781E-29
3583.71979161342  6.125542E-29
3584.78979730079  8.982020E-29
3585.85984481182  9.048102E-29
3586.92993410112  9.083224E-29
3588.0000651233  6.321128E-29
3589.07023783296  7.409744E-29
3590.1404521847  1.123521E-28
3591.21070813315  1.155321E-28
3592.28100563289  1.162333E-28
3593.35134463854  9.477882E-29
3594.42172510471  1.348593E-28
3595.49214698599  1.085954E-28
3596.562610237  1.222161E-28
3597.63311481235  1.357977E-28
3598.70366066663  9.938312E-29
3599.77424775445  9.778524E-29
3600.84487603043  9.093257E-29
3601.91554544916  1.250331E-28
3602.98625596526  9.658941E-29
3604.05700753332  1.082305E-28
3605.12780010796  8.546775E-29
3606.19863364378  1.106832E-28
3607.26950809539  8.310188E-29
3608.3404234174  7.561182E-29
3609.4113795644  1.221110E-28
3610.48237649101  6.220606E-29
3611.55341415183  8.652806E-29
3612.62449250147  9.639940E-29
3613.69561149454  1.093193E-28
3614.76677108563  7.276292E-29
3615.83797122937  1.031665E-28
3616.90921188034  9.028973E-29
3617.98049299317  1.138901E-28
3619.05181452245  1.137293E-28
3620.1231764228  1.017100E-28
3621.19457864881  6.578074E-29
3622.2660211551  8.664626E-29
3623.33750389626  1.133731E-28
3624.40902682692  9.352632E-29
3625.48058990167  5.286157E-29
3626.55219307511  1.181236E-28
3627.62383630186  8.009477E-29
3628.69551953653  1.112723E-28
3629.76724273371  1.174240E-28
3630.83900584801  1.079288E-28
3631.91080883405  1.235689E-28
3632.98265164642  1.195779E-28
3634.05453423973  7.108684E-29
3635.12645656859  9.534651E-29
3636.19841858761  1.104102E-28
3637.27042025139  1.087924E-28
3638.34246151453  7.274558E-29
3639.41454233165  6.736960E-29
3640.48666265735  6.943979E-29
3641.55882244623  7.023361E-29
3642.63102165291  6.838647E-29
3643.70326023198  6.830109E-29
3644.77553813806  6.097728E-29
3645.84785532575  5.450377E-29
3646.92021174965  2.896058E-29
3647.99260736438  2.283579E-29
3649.06504212453  1.317136E-29
3650.13751598473  5.483301E-29
3651.21002889956  5.782082E-29
3652.28258082364  7.799753E-29
3653.35517171158  1.015615E-28
3654.42780151797  7.646735E-29
3655.50047019743  7.851277E-29
3656.57317770457  9.789055E-29
3657.64592399398  1.345505E-28
3658.71870902027  8.465665E-29
3659.79153273806  9.582357E-29
3660.86439510195  1.169113E-28
3661.93729606653  1.119703E-28
3663.01023558643  1.574595E-28
3664.08321361625  1.038097E-28
3665.15623011058  1.329051E-28
3666.22928502404  1.005392E-28
3667.30237831124  1.003204E-28
3668.37550992678  9.769393E-29
3669.44867982526  7.537287E-29
3670.5218879613  1.244396E-28
3671.5951342895  1.107991E-28
3672.66841876446  1.185597E-28
3673.74174134079  6.587639E-29
3674.8151019731  8.531519E-29
3675.888500616  1.017783E-28
3676.96193722408  7.753840E-29
3678.03541175196  9.570004E-29
3679.10892415425  9.523748E-29
3680.18247438554  8.412172E-29
3681.25606240044  8.081247E-29
3682.32968815357  1.029924E-28
3683.40335159952  8.649264E-29
3684.47705269291  9.467840E-29
3685.55079138834  9.749829E-29
3686.62456764041  9.608593E-29
3687.69838140373  7.525474E-29
3688.77223263291  8.072369E-29
3689.84612128256  6.695887E-29
3690.92004730728  7.018590E-29
3691.99401066167  3.431881E-29
3693.06801130035  6.573112E-29
3694.14204917791  1.140839E-28
3695.21612424897  7.945765E-29
3696.29023646813  4.901985E-29
3697.36438579  5.822465E-29
3698.43857216918  4.983170E-29
3699.51279556029  7.090525E-29
3700.58705591792  5.550810E-29
3701.66135319668  4.673704E-29
3702.73568735118  5.637905E-29
3703.81005833602  8.113642E-29
3704.88446610581  8.211498E-29
3705.95891061517  5.178918E-29
3707.03339181868  5.542255E-29
3708.10790967097  5.064210E-29
3709.18246412663  9.044512E-29
3710.25705514027  3.544780E-29
3711.3316826665  6.455760E-29
3712.40634665992  6.430276E-29
3713.48104707515  8.548157E-29
3714.55578386678  6.678844E-29
3715.63055698942  6.882060E-29
3716.70536639768  9.656300E-29
3717.78021204617  9.413178E-29
3718.85509388949  1.093040E-28
3719.93001188225  8.936538E-29
3721.00496597905  7.988547E-29
3722.0799561345  8.387862E-29
3723.1549823032  3.982129E-29
3724.23004443977  5.814121E-29
3725.30514249881  4.981730E-29
3726.38027643492  6.617591E-29
3727.45544620271  9.463816E-29
3728.53065175679  9.193696E-29
3729.60589305176  1.050569E-28
3730.68117004223  8.750911E-29
3731.75648268281  1.236454E-28
3732.8318309281  9.128244E-29
3733.90721473271  9.059521E-29
3734.98263405124  6.122522E-29
3736.0580888383  6.140474E-29
3737.1335790485  8.580294E-29
3738.20910463644  1.311933E-28
3739.28466555673  1.081677E-28
3740.36026176397  1.003517E-28
3741.43589321277  1.203853E-28
3742.51155985775  9.743300E-29
3743.58726165349  9.688748E-29
3744.66299855462  1.145066E-28
3745.73877051573  1.068720E-28
3746.81457749144  1.195343E-28
3747.89041943634  9.533199E-29
3748.96629630505  1.094777E-28
3750.04220805217  1.061539E-28
3751.1181546323  1.049039E-28
3752.19413600006  1.118253E-28
3753.27015211005  1.207998E-28
3754.34620291687  1.007674E-28
3755.42228837513  1.239995E-28
3756.49840843945  1.064364E-28
3757.57456306441  1.106057E-28
3758.65075220464  1.145783E-28
3759.72697581473  1.259183E-28
3760.8032338493  1.267476E-28
3761.87952626294  1.238621E-28
3762.95585301027  1.015350E-28
3764.03221404589  1.475929E-28
3765.10860932441  1.250773E-28
3766.18503880043  1.309598E-28
3767.26150242857  1.323541E-28
3768.33800016341  1.301859E-28
3769.41453195958  8.840862E-29
3770.49109777168  9.042066E-29
3771.56769755431  1.372963E-28
3772.64433126209  6.954390E-29
3773.72099884961  7.346695E-29
3774.79770027148  5.496844E-29
3775.87443548231  6.152114E-29
3776.95120443671  4.665935E-29
3778.02800708928  9.135333E-29
3779.10484339463  9.286964E-29
3780.18171330736  1.004977E-28
3781.25861678208  1.344304E-28
3782.3355537734  1.150842E-28
3783.41252423592  1.363373E-28
3784.48952812425  1.249563E-28
3785.56656539299  8.785568E-29
3786.64363599676  6.910442E-29
3787.72073989015  7.051384E-29
3788.79787702778  5.456285E-29
3789.87504736424  1.134752E-29
3790.95225085416  2.397682E-29
3792.02948745212  2.950868E-29
3793.10675711274  3.021992E-29
3794.18405979063  7.934893E-29
3795.26139544039  9.357896E-29
3796.33876401662  1.532807E-28
3797.41616547394  1.529123E-28
3798.49359976694  1.547226E-28
3799.57106685025  1.467071E-28
3800.64856667845  1.271813E-28
3801.72609920616  1.297485E-28
3802.80366438799  1.527191E-28
3803.88126217853  1.725234E-28
3804.9588925324  1.342305E-28
3806.03655540421  8.854553E-29
3807.11425074855  8.820655E-29
3808.19197852004  1.387875E-28
3809.26973867328  1.008246E-28
3810.34753116287  9.533977E-29
3811.42535594343  1.338725E-28
3812.50321296956  1.268079E-28
3813.58110219587  1.396021E-28
3814.65902357696  1.476741E-28
3815.73697706743  1.465044E-28
3816.8149626219  1.374847E-28
3817.89298019497  1.328809E-28
3818.97102974125  1.043863E-28
3820.04911121534  1.125070E-28
3821.12722457185  1.280824E-28
3822.20536976538  1.476588E-28
3823.28354675055  1.553190E-28
3824.36175548195  1.702131E-28
3825.4399959142  1.935788E-28
3826.5182680019  1.299373E-28
3827.59657169965  1.413443E-28
3828.67490696207  1.564209E-28
3829.75327374376  1.394027E-28
3830.83167199932  1.779732E-28
3831.91010168336  1.809987E-28
3832.98856275049  2.004054E-28
3834.06705515531  2.144487E-28
3835.14557885243  1.907965E-28
3836.22413379646  1.310083E-28
3837.302719942  6.046789E-29
3838.38133724366  8.155075E-29
3839.45998565604  1.244061E-28
3840.53866513375  1.844561E-28
3841.6173756314  1.592598E-28
3842.69611710359  2.194746E-28
3843.77488950493  2.227677E-28
3844.85369279003  1.867289E-28
3845.93252691349  1.827178E-28
3847.01139182992  2.091323E-28
3848.09028749392  2.011873E-28
3849.1692138601  2.212725E-28
3850.24817088306  1.977964E-28
3851.32715851742  1.609046E-28
3852.40617671778  8.948355E-29
3853.48522543874  4.694490E-29
3854.56430463491  3.557574E-29
3855.6434142609  7.676310E-30
3856.72255427132  2.156132E-30
3857.80172462076  1.057594E-29
3858.88092526384  4.696965E-29
3859.96015615516  6.137193E-29
3861.03941724933  1.865751E-28
3862.11870850095  2.225450E-28
3863.19802986464  2.577479E-28
3864.27738129499  2.891923E-28
3865.35676274661  2.991075E-28
3866.43617417411  3.270137E-28
3867.5156155321  3.152688E-28
3868.59508677518  3.212128E-28
3869.67458785796  3.112974E-28
3870.75411873504  2.934655E-28
3871.83367936103  3.252796E-28
3872.91326969053  2.848809E-28
3873.99288967816  2.034422E-28
3875.07253927852  2.717881E-28
3876.15221844621  2.901469E-28
3877.23192713585  2.924733E-28
3878.31166530203  3.233739E-28
3879.39143289936  3.465069E-28
3880.47122988246  3.471707E-28
3881.55105620591  3.325412E-28
3882.63091182435  3.998975E-28
3883.71079669235  4.067506E-28
3884.79071076455  4.063706E-28
3885.87065399553  3.954939E-28
3886.95062633991  4.230487E-28
3888.0306277523  4.450330E-28
3889.11065818729  3.906179E-28
3890.1907175995  4.457545E-28
3891.27080594353  4.856831E-28
3892.35092317398  4.426399E-28
3893.43106924547  4.688175E-28
3894.5112441126  4.420132E-28
3895.59144772998  4.931464E-28
3896.67168005221  4.812394E-28
3897.7519410339  4.636041E-28
3898.83223062965  5.076869E-28
3899.91254879407  4.831620E-28
3900.99289548177  4.280152E-28
3902.07327064736  4.421423E-28
3903.15367424543  4.763455E-28
3904.2341062306  5.116511E-28
3905.31456655747  5.130483E-28
3906.39505518065  5.159171E-28
3907.47557205474  4.501462E-28
3908.55611713435  3.467447E-28
3909.63669037409  3.783500E-28
3910.71729172857  4.183257E-28
3911.79792115238  5.082746E-28
3912.87857860013  5.168077E-28
3913.95926402644  6.339005E-28
3915.03997738591  6.254178E-28
3916.12071863314  6.232956E-28
3917.20148772274  6.545167E-28
3918.28228460931  6.813903E-28
3919.36310924747  5.946338E-28
3920.44396159181  6.323581E-28
3921.52484159696  6.050452E-28
3922.6057492175  5.477454E-28
3923.68668440805  5.357663E-28
3924.76764712321  4.633372E-28
3925.84863731759  4.996455E-28
3926.9296549458  4.662349E-28
3928.01069996244  4.603848E-28
3929.09177232211  3.983671E-28
3930.17287197943  4.152441E-28
3931.253998889  4.259234E-28
3932.33515300543  3.892647E-28
3933.41633428332  4.038728E-28
3934.49754267728  3.770014E-28
3935.57877814192  4.289054E-28
3936.66004063183  3.969087E-28
3937.74133010164  3.922940E-28
3938.82264650593  3.728729E-28
3939.90398979933  3.884349E-28
3940.98535993643  3.651906E-28
3942.06675687185  3.885027E-28
3943.14818056018  3.674383E-28
3944.22963095604  3.357690E-28
3945.31110801403  3.882848E-28
3946.39261168876  3.605220E-28
3947.47414193483  3.261159E-28
3948.55569870685  3.543714E-28
3949.63728195942  3.947588E-28
3950.71889164716  3.583105E-28
3951.80052772466  3.408821E-28
3952.88219014654  3.646292E-28
3953.9638788674  3.516399E-28
3955.04559384184  3.758785E-28
3956.12733502448  3.337142E-28
3957.20910236992  3.076664E-28
3958.29089583276  2.698918E-28
3959.37271536761  2.170594E-28
3960.45456092908  1.676260E-28
3961.53643247178  1.401205E-28
3962.6183299503  2.077835E-28
3963.70025331926  2.545514E-28
3964.78220253326  2.993043E-28
3965.86417754691  3.474349E-28
3966.94617831482  3.579508E-28
3968.02820479158  3.484033E-28
3969.11025693182  3.006655E-28
3970.19233469012  3.253969E-28
3971.27443802111  3.457575E-28
3972.35656687938  3.643303E-28
3973.43872121954  3.400139E-28
3974.5209009962  3.538535E-28
3975.60310616396  3.489346E-28
3976.68533667744  3.378204E-28
3977.76759249123  3.602277E-28
3978.84987355995  3.569913E-28
3979.93217983819  3.369859E-28
3981.01451128056  3.681647E-28
3982.09686784168  3.534441E-28
3983.17924947615  3.011556E-28
3984.26165613857  3.153920E-28
3985.34408778355  2.236214E-28
3986.4265443657  2.357539E-28
3987.50902583961  2.118203E-28
3988.59153215991  2.759644E-28
3989.67406328119  2.906896E-28
3990.75661915806  3.324170E-28
3991.83919974513  3.466218E-28
3992.921804997  3.056291E-28
3994.00443486828  3.602720E-28
3995.08708931358  3.222551E-28
3996.1697682875  3.662762E-28
3997.25247174464  3.323139E-28
3998.33519963962  3.000013E-28
3999.41795192704  3.289767E-28
4000.50072856151  2.914419E-28
4001.58352949763  3.166416E-28
4002.66635469001  3.264224E-28
4003.74920409325  3.155246E-28
4004.83207766196  2.928531E-28
4005.91497535075  2.733546E-28
4006.99789711423  2.610036E-28
4008.08084290699  2.694412E-28
4009.16381268365  2.379213E-28
4010.24680639882  2.262093E-28
4011.32982400709  2.382990E-28
4012.41286546307  2.109500E-28
4013.49593072138  2.095995E-28
4014.57901973661  2.875216E-28
4015.66213246338  2.639450E-28
4016.74526885628  2.481791E-28
4017.82842886993  2.209364E-28
4018.91161245893  2.435251E-28
4019.99481957789  2.181515E-28
4021.07805018142  2.074467E-28
4022.16130422411  2.672705E-28
4023.24458166058  2.298314E-28
4024.32788244544  1.993260E-28
4025.41120653328  2.447426E-28
4026.49455387871  2.034015E-28
4027.57792443635  2.040645E-28
4028.6613181608  2.263847E-28
4029.74473500666  2.284634E-28
4030.82817492853  2.150815E-28
4031.91163788104  2.124484E-28
4032.99512381877  1.972419E-28
4034.07863269635  1.990030E-28
4035.16216446837  2.136471E-28
4036.24571908944  1.997825E-28
4037.32929651417  2.202410E-28
4038.41289669715  2.193547E-28
4039.49651959301  1.960178E-28
4040.58016515635  2.044081E-28
4041.66383334176  1.970347E-28
4042.74752410387  1.857788E-28
4043.83123739726  1.847476E-28
4044.91497317656  2.138940E-28
4045.99873139636  2.132835E-28
4047.08251201128  1.598714E-28
4048.16631497591  2.361293E-28
4049.25014024487  2.287313E-28
4050.33398777277  1.777733E-28
4051.41785751419  1.732194E-28
4052.50174942376  1.722759E-28
4053.58566345609  1.709245E-28
4054.66959956576  1.682873E-28
4055.7535577074  1.974300E-28
4056.83753783561  1.941397E-28
4057.92153990499  1.735524E-28
4059.00556387015  1.645051E-28
4060.0896096857  1.593973E-28
4061.17367730625  1.591456E-28
4062.25776668638  1.943988E-28
4063.34187778073  1.587380E-28
4064.42601054389  1.786071E-28
4065.51016493047  1.695776E-28
4066.59434089507  1.524159E-28
4067.6785383923  1.789996E-28
4068.76275737676  1.909596E-28
4069.84699780307  1.864053E-28
4070.93125962583  1.489211E-28
4072.01554279964  1.733215E-28
4073.09984727911  1.631906E-28
4074.18417301885  1.785662E-28
4075.26851997346  1.663042E-28
4076.35288809756  1.680802E-28
4077.43727734574  1.647663E-28
4078.52168767261  1.790958E-28
4079.60611903278  1.692597E-28
4080.69057138085  1.543815E-28
4081.77504467143  1.624458E-28
4082.85953885913  1.251798E-28
4083.94405389856  1.874128E-28
4085.02858974431  1.370602E-28
4086.113146351  1.594180E-28
4087.19772367323  1.430534E-28
4088.2823216656  1.631424E-28
4089.36694028273  1.305253E-28
4090.45157947923  1.442588E-28
4091.53623920968  1.619403E-28
4092.62091942871  1.551617E-28
4093.70562009092  1.378872E-28
4094.79034115091  1.443045E-28
4095.8750825633  1.493586E-28
4096.95984428268  1.268541E-28
4098.04462626366  1.347680E-28
4099.12942846086  1.278112E-28
4100.21425082886  1.496341E-28
4101.2990933223  1.134456E-28
4102.38395589576  1.301004E-28
4103.46883850385  1.562350E-28
4104.55374110119  1.373557E-28
4105.63866364236  1.400141E-28
4106.723606082  1.470345E-28
4107.80856837469  1.243883E-28
4108.89355047505  1.516386E-28
4109.97855233768  1.365273E-28
4111.06357391719  1.040676E-28
4112.14861516818  1.577207E-28
4113.23367604526  1.428465E-28
4114.31875650304  1.348165E-28
4115.40385649612  1.393229E-28
4116.48897597911  1.305865E-28
4117.57411490661  1.342428E-28
4118.65927323323  1.098702E-28
4119.74445091358  1.389339E-28
4120.82964790227  1.356370E-28
4121.91486415389  1.339753E-28
4123.00009962306  1.332796E-28
4124.08535426438  1.069455E-28
4125.17062803246  1.216338E-28
4126.2559208819  1.348715E-28
4127.34123276732  1.168418E-28
4128.42656364331  1.268260E-28
4129.51191346448  1.247226E-28
4130.59728218545  1.762014E-28
4131.6826697608  1.303307E-28
4132.76807614516  1.246476E-28
4133.85350129313  1.318507E-28
4134.93894515931  1.117407E-28
4136.02440769831  1.092322E-28
4137.10988886474  9.839684E-29
4138.1953886132  1.066485E-28
4139.28090689829  1.230896E-28
4140.36644367464  1.107332E-28
4141.45199889683  1.223638E-28
4142.53757251948  1.091746E-28
4143.62316449719  1.261486E-28
4144.70877478457  1.290578E-28
4145.79440333623  1.401867E-28
4146.88005010677  1.229291E-28
4147.9657150508  1.321132E-28
4149.05139812292  1.288745E-28
4150.13709927775  1.066389E-28
4151.22281846987  1.226280E-28
4152.30855565392  1.335674E-28
4153.39431078448  1.298679E-28
4154.48008381616  1.359180E-28
4155.56587470358  1.328423E-28
4156.65168340134  1.278780E-28
4157.73750986404  1.008444E-28
4158.82335404628  1.166452E-28
4159.90921590269  1.069385E-28
4160.99509538786  1.143389E-28
4162.08099245639  1.159805E-28
4163.1669070629  1.013723E-28
4164.25283916199  8.775447E-29
4165.33878870827  1.137268E-28
4166.42475565634  1.087622E-28
4167.51073996081  9.146822E-29
4168.59674157629  1.117046E-28
4169.68276045737  1.135895E-28
4170.76879655868  1.069704E-28
4171.85484983481  1.299928E-28
4172.94092024037  1.181281E-28
4174.02700772997  9.668116E-29
4175.11311225821  9.284084E-29
4176.1992337797  1.027438E-28
4177.28537224904  1.258655E-28
4178.37152762085  1.231408E-28
4179.45769984972  1.118636E-28
4180.54388889026  1.178848E-28
4181.63009469709  1.136730E-28
4182.7163172248  1.077880E-28
4183.80255642801  1.183966E-28
4184.88881226131  1.168613E-28
4185.97508467932  1.038277E-28
4187.06137363663  1.153665E-28
4188.14767908787  1.261260E-28
4189.23400098763  1.163774E-28
4190.32033929051  1.120373E-28
4191.40669395113  1.013925E-28
4192.4930649241  1.428877E-28
4193.57945216401  1.335833E-28
4194.66585562548  1.392145E-28
4195.75227526311  1.102611E-28
4196.8387110315  1.031072E-28
4197.92516288527  1.099346E-28
4199.01163077901  1.315524E-28
4200.09811466734  9.707757E-29
4201.18461450486  1.369323E-28
4202.27113024618  1.183875E-28
4203.3576618459  1.265519E-28
4204.44420925864  1.045421E-28
4205.53077243898  9.835856E-29
4206.61735134155  1.218721E-28
4207.70394592095  1.187184E-28
4208.79055613179  8.450803E-29
4209.87718192866  8.787624E-29
4210.96382326618  1.147731E-28
4212.05048009895  1.201524E-28
4213.13715238159  9.228798E-29
4214.22384006869  1.298932E-28
4215.31054311486  1.101521E-28
4216.39726147471  1.094024E-28
4217.48399510284  1.265150E-28
4218.57074395386  1.327892E-28
4219.65750798238  1.481025E-28
4220.744287143  1.283600E-28
4221.83108139033  1.081648E-28
4222.91789067898  9.697990E-29
4224.00471496355  1.028820E-28
4225.09155419864  1.208423E-28
4226.17840833887  1.127062E-28
4227.26527733883  1.032435E-28
4228.35216115315  1.204745E-28
4229.43905973641  1.219606E-28
4230.52597304324  1.347411E-28
4231.61290102822  1.171860E-28
4232.69984364598  1.283134E-28
4233.78680085112  1.133175E-28
4234.87377259824  1.015154E-28
4235.96075884195  1.310853E-28
4237.04775953685  1.150669E-28
4238.13477463756  1.442397E-28
4239.22180409867  1.187708E-28
4240.3088478748  1.333549E-28
4241.39590592054  1.221401E-28
4242.48297819052  1.239177E-28
4243.57006463932  1.568380E-28
4244.65716522157  1.212664E-28
4245.74427989186  1.217314E-28
4246.8314086048  1.209588E-28
4247.918551315  1.059089E-28
4249.00570797706  1.473119E-28
4250.09287854559  1.261817E-28
4251.1800629752  1.241197E-28
4252.26726122049  1.280775E-28
4253.35447323607  1.208221E-28
4254.44169897654  1.101440E-28
4255.52893839651  9.856427E-29
4256.61619145059  1.111869E-28
4257.70345809339  1.028371E-28
4258.7907382795  1.032825E-28
4259.87803196354  8.879010E-29
4260.96533910011  1.173602E-28
4262.05265964381  1.275155E-28
4263.13999354926  1.173467E-28
4264.22734077106  1.115555E-28
4265.31470126382  1.324877E-28
4266.40207498214  1.137560E-28
4267.48946188063  1.156924E-28
4268.57686191389  1.286689E-28
4269.66427503654  1.077335E-28
4270.75170120317  1.367233E-28
4271.83914036839  1.194080E-28
4272.92659248682  1.007118E-28
4274.01405751305  1.162630E-28
4275.10153540169  1.153763E-28
4276.18902610735  1.171711E-28
4277.27652958464  1.284984E-28
4278.36404578816  1.274359E-28
4279.45157467251  1.502269E-28
4280.5391161923  1.010451E-28
4281.62667030215  1.124412E-28
4282.71423695665  1.367760E-28
4283.80181611041  1.391068E-28
4284.88940771804  1.072611E-28
4285.97701173415  8.252036E-29
4287.06462811333  1.162438E-28
4288.1522568102  1.211873E-28
4289.23989777936  1.174155E-28
4290.32755097542  1.395112E-28
4291.41521635299  1.185728E-28
4292.50289386667  1.164186E-28
4293.59058347106  8.161990E-29
4294.67828512078  8.800237E-29
4295.76599877043  1.209198E-28
4296.85372437461  1.222705E-28
4297.94146188793  1.185653E-28
4299.02921126501  1.267292E-28
4300.11697246043  1.223711E-28
4301.20474542882  1.067110E-28
4302.29253012478  1.254656E-28
4303.38032650291  1.134644E-28
4304.46813451781  9.135242E-29
4305.5559541241  9.838144E-29
4306.64378527639  1.007105E-28
4307.73162792927  1.081754E-28
4308.81948203735  1.157439E-28
4309.90734755525  1.200627E-28
4310.99522443756  1.058765E-28
4312.0831126389  1.357869E-28
4313.17101211386  1.081813E-28
4314.25892281706  1.155103E-28
4315.34684470309  1.036047E-28
4316.43477772658  1.224791E-28
4317.52272184212  1.221156E-28
4318.61067700432  1.057644E-28
4319.69864316778  1.290881E-28
4320.78662028712  1.178936E-28
4321.87460831693  1.235427E-28
4322.96260721183  1.114871E-28
4324.05061692642  1.314887E-28
4325.13863741531  1.396047E-28
4326.2266686331  1.238105E-28
4327.31471053439  1.221884E-28
4328.40276307381  1.221113E-28
4329.49082620594  1.276281E-28
4330.5788998854  1.038079E-28
4331.6669840668  1.173704E-28
4332.75507870474  9.528528E-29
4333.84318375382  1.018142E-28
4334.93129916865  1.251435E-28
4336.01942490385  9.191931E-29
4337.107560914  6.808747E-29
4338.19570715373  4.023956E-29
4339.28386357764  4.321697E-29
4340.37203014033  7.603348E-29
4341.46020679641  8.423131E-29
4342.54839350048  1.036174E-28
4343.63659020716  1.234279E-28
4344.72479687104  1.202603E-28
4345.81301344674  1.081699E-28
4346.90123988886  1.224420E-28
4347.98947615201  1.016531E-28
4349.07772219079  1.329746E-28
4350.1659779598  1.033911E-28
4351.25424341367  9.496238E-29
4352.34251850698  1.008316E-28
4353.43080319435  1.065845E-28
4354.51909743039  8.513493E-29
4355.6074011697  9.428206E-29
4356.69571436688  8.812385E-29
4357.78403697654  8.258136E-29
4358.87236895329  1.000756E-28
4359.96071025174  1.366272E-28
4361.04906082649  1.318199E-28
4362.13742063215  1.052010E-28
4363.22578962332  9.355262E-29
4364.3141677546  1.390950E-28
4365.40255498062  9.076196E-29
4366.49095125596  1.039972E-28
4367.57935653525  9.079764E-29
4368.66777077307  1.018422E-28
4369.75619392405  8.340264E-29
4370.84462594279  1.148949E-28
4371.93306678389  1.411389E-28
4373.02151640195  1.223248E-28
4374.1099747516  1.126370E-28
4375.19844178742  9.739705E-29
4376.28691746403  9.653377E-29
4377.37540173603  1.054080E-28
4378.46389455804  1.267193E-28
4379.55239588465  1.266995E-28
4380.64090567047  1.099518E-28
4381.72942387011  8.679921E-29
4382.81795043818  1.323152E-28
4383.90648532928  1.047350E-28
4384.99502849801  1.090383E-28
4386.08357989899  1.309421E-28
4387.17213948681  1.246546E-28
4388.26070721609  1.392656E-28
4389.34928304144  8.980963E-29
4390.43786691745  1.002452E-28
4391.52645879874  1.137600E-28
4392.6150586399  1.097785E-28
4393.70366639556  9.406452E-29
4394.7922820203  1.103227E-28
4395.88090546875  7.774185E-29
4396.9695366955  4.620476E-29
4398.05817565516  3.856067E-29
4399.14682230234  1.855405E-29
4400.23547659164  3.196884E-29
4401.32413847767  3.859787E-29
4402.41280791504  9.054981E-29
4403.50148485835  5.917049E-29
4404.59016926221  9.707606E-29
4405.67886108122  5.381226E-29
4406.76756027  1.915780E-29
4407.85626678314  3.449489E-29
4408.94498057525  5.454846E-29
4410.03370160095  6.851581E-29
4411.12242981483  6.624013E-29
4412.2111651715  1.259277E-28
4413.29990762557  1.487464E-28
4414.38865713164  1.308201E-28
4415.47741364432  1.425219E-28
4416.56617711822  1.296515E-28
4417.65494750795  1.163957E-28
4418.7437247681  9.976431E-29
4419.83250885329  1.102267E-28
4420.92129971811  1.128068E-28
4422.01009731719  1.139609E-28
4423.09890160512  9.713240E-29
4424.18771253651  1.028831E-28
4425.27653006596  1.244289E-28
4426.36535414809  1.296712E-28
4427.45418473749  1.019170E-28
4428.54302178879  1.307017E-28
4429.63186525657  1.218561E-28
4430.72071509545  1.416509E-28
4431.80957126003  1.345802E-28
4432.89843370492  1.194514E-28
4433.98730238472  1.055995E-28
4435.07617725405  1.164845E-28
4436.1650582675  1.095625E-28
4437.25394537969  1.104074E-28
4438.34283854522  1.050317E-28
4439.4317377187  1.463373E-28
4440.52064285473  1.195761E-28
4441.60955390792  1.262314E-28
4442.69847083287  1.131384E-28
4443.78739358419  1.380390E-28
4444.87632211649  1.245988E-28
4445.96525638438  1.017268E-28
4447.05419634245  1.361633E-28
4448.14314194532  1.320101E-28
4449.2320931476  1.499034E-28
4450.32104990388  1.375466E-28
4451.41001216877  1.321304E-28
4452.49897989689  1.332741E-28
4453.58795304283  1.575338E-28
4454.67693156121  1.434284E-28
4455.76591540663  1.271980E-28
4456.85490453369  1.242124E-28
4457.943898897  1.273919E-28
4459.03289845117  1.320514E-28
4460.12190315081  1.740103E-28
4461.21091295051  1.415273E-28
4462.29992780489  1.423348E-28
4463.38894766855  1.151842E-28
4464.47797249611  1.608815E-28
4465.56700224216  1.395147E-28
4466.6560368613  1.438570E-28
4467.74507630816  1.667961E-28
4468.83412053733  1.394179E-28
4469.92316950342  1.504871E-28
4471.01222316103  1.383392E-28
4472.10128146478  1.238784E-28
4473.19034436927  1.661898E-28
4474.2794118291  1.402765E-28
4475.36848379888  1.597155E-28
4476.45756023322  1.557719E-28
4477.54664108672  1.676200E-28
4478.63572631399  1.291503E-28
4479.72481586963  1.641301E-28
4480.81390970826  1.539423E-28
4481.90300778447  1.395683E-28
4482.99211005288  1.435997E-28
4484.08121646809  1.358286E-28
4485.17032698471  1.391669E-28
4486.25944155734  1.587176E-28
4487.34856014058  1.426170E-28
4488.43768268905  1.439195E-28
4489.52680915736  1.508609E-28
4490.6159395001  1.414535E-28
4491.70507367188  1.685649E-28
4492.79421162731  1.848523E-28
4493.883353321  1.264507E-28
4494.97249870755  1.500457E-28
4496.06164774157  1.726257E-28
4497.15080037767  1.493886E-28
4498.23995657044  1.443136E-28
4499.3291162745  1.605597E-28
4500.41827944446  1.608649E-28
4501.50744603491  1.498927E-28
4502.59661600047  1.475843E-28
4503.68578929574  1.739163E-28
4504.77496587533  1.792310E-28
4505.86414569384  1.683151E-28
4506.95332870588  1.770682E-28
4508.04251486606  1.830251E-28
4509.13170412898  1.668497E-28
4510.22089644925  1.870600E-28
4511.31009178148  1.799329E-28
4512.39929008026  1.674166E-28
4513.48849130021  1.719015E-28
4514.57769539594  1.885936E-28
4515.66690232205  2.012088E-28
4516.75611203314  1.668863E-28
4517.84532448382  1.574793E-28
4518.9345396287  1.660564E-28
4520.02375742239  1.632707E-28
4521.11297781949  1.419210E-28
4522.2022007746  1.366900E-28
4523.29142624234  1.504950E-28
4524.3806541773  1.630507E-28
4525.4698845341  1.683138E-28
4526.55911726735  1.586072E-28
4527.64835233164  1.324771E-28
4528.73758968158  1.191706E-28
4529.82682927179  1.652192E-28
4530.91607105686  1.494101E-28
4532.0053149914  1.417115E-28
4533.09456103002  1.605500E-28
4534.18380912733  1.360193E-28
4535.27305923792  1.410276E-28
4536.36231131642  1.447351E-28
4537.45156531742  1.597471E-28
4538.54082119552  1.390223E-28
4539.63007890535  1.556702E-28
4540.71933840149  1.416232E-28
4541.80859963857  1.234470E-28
4542.89786257118  1.392260E-28
4543.98712715392  1.435626E-28
4545.07639334142  1.417672E-28
4546.16566108827  1.394340E-28
4547.25493034907  1.278483E-28
4548.34420107845  1.588552E-28
4549.43347323099  1.276740E-28
4550.52274676131  1.214178E-28
4551.61202162402  1.025558E-28
4552.70129777371  1.468696E-28
4553.79057516501  1.431162E-28
4554.8798537525  1.677268E-28
4555.9691334908  1.163497E-28
4557.05841433452  1.385738E-28
4558.14769623826  1.068008E-28
4559.23697915662  1.126145E-28
4560.32626304422  1.110062E-28
4561.41554785566  1.254506E-28
4562.50483354554  1.451450E-28
4563.59412006848  1.133306E-28
4564.68340737907  1.296203E-28
4565.77269543193  1.083506E-28
4566.86198418166  1.297299E-28
4567.95127358287  1.208352E-28
4569.04056359016  1.211871E-28
4570.12985415813  1.233476E-28
4571.21914524141  9.948018E-29
4572.30843679458  1.224321E-28
4573.39772877226  1.143352E-28
4574.48702112906  1.033080E-28
4575.57631381957  1.159851E-28
4576.66560679842  1.429579E-28
4577.75490002019  1.204593E-28
4578.8441934395  1.216392E-28
4579.93348701096  1.327343E-28
4581.02278068917  1.109775E-28
4582.11207442873  9.658551E-29
4583.20136818426  1.022446E-28
4584.29066191036  1.266709E-28
4585.37995556163  1.229969E-28
4586.46924909269  1.617402E-28
4587.55854245813  1.263344E-28
4588.64783561257  1.647351E-28
4589.73712851061  1.384724E-28
4590.82642110686  1.407992E-28
4591.91571335591  1.169891E-28
4593.00500521239  1.155255E-28
4594.09429663089  1.264109E-28
4595.18358756603  1.041779E-28
4596.2728779724  1.163479E-28
4597.36216780461  1.096537E-28
4598.45145701728  1.197998E-28
4599.540745565  1.181913E-28
4600.63003340238  1.219433E-28
4601.71932048403  1.207391E-28
4602.80860676456  1.044768E-28
4603.89789219857  1.128594E-28
4604.98717674066  1.263429E-28
4606.07646034545  1.117668E-28
4607.16574296754  9.916285E-29
4608.25502456153  1.012734E-28
4609.34430508203  1.060037E-28
4610.43358448366  1.128146E-28
4611.522862721  1.166947E-28
4612.61213974868  1.164563E-28
4613.70141552129  1.104148E-28
4614.79068999345  9.925039E-29
4615.87996311975  9.335291E-29
4616.96923485482  1.005012E-28
4618.05850515324  1.057977E-28
4619.14777396963  9.480390E-29
4620.23704125859  8.092900E-29
4621.32630697473  7.475799E-29
4622.41557107266  6.685318E-29
4623.50483350698  7.217194E-29
4624.5940942323  8.654926E-29
4625.68335320323  9.219544E-29
4626.77261037436  8.344735E-29
4627.86186570031  1.304766E-28
4628.95111913569  1.200632E-28
4630.04037063509  1.044326E-28
4631.12962015314  1.029137E-28
4632.21886764442  8.914020E-29
4633.30811306355  1.115813E-28
4634.39735636513  1.072613E-28
4635.48659750378  1.362316E-28
4636.57583643409  1.092729E-28
4637.66507311067  1.065262E-28
4638.75430748813  9.836548E-29
4639.84353952108  9.474155E-29
4640.93276916412  1.163852E-28
4642.02199637186  8.634552E-29
4643.1112210989  7.875230E-29
4644.20044329985  1.000723E-28
4645.28966292931  1.024286E-28
4646.3788799419  8.979325E-29
4647.46809429222  9.241267E-29
4648.55730593487  1.213529E-28
4649.64651482446  1.128250E-28
4650.7357209156  1.010377E-28
4651.82492416289  9.845444E-29
4652.91412452095  9.930780E-29
4654.00332194436  9.096664E-29
4655.09251638775  1.066608E-28
4656.18170780572  1.107437E-28
4657.27089615287  1.023278E-28
4658.36008138381  9.372587E-29
4659.44926345315  1.207026E-28
4660.53844231549  8.408469E-29
4661.62761792544  7.767977E-29
4662.7167902376  6.568285E-29
4663.80595920659  9.266300E-29
4664.895124787  1.059374E-28
4665.98428693345  1.009278E-28
4667.07344560053  1.055145E-28
4668.16260074287  8.378072E-29
4669.25175231505  8.647406E-29
4670.34090027169  1.019522E-28
4671.4300445674  9.088056E-29
4672.51918515678  8.682879E-29
4673.60832199443  1.033085E-28
4674.69745503497  9.626725E-29
4675.786584233  1.328479E-28
4676.87570954312  1.031901E-28
4677.96483091995  7.397968E-29
4679.05394831808  8.199278E-29
4680.14306169213  7.745922E-29
4681.23217099669  9.120315E-29
4682.32127618639  1.349144E-28
4683.41037721581  1.352170E-28
4684.49947403958  1.033281E-28
4685.58856661229  1.032892E-28
4686.67765488855  1.047972E-28
4687.76673882297  1.242296E-28
4688.85581837015  5.857810E-29
4689.9448934847  5.272481E-29
4691.03396412123  1.047834E-28
4692.12303023433  9.946168E-29
4693.21209177863  9.239789E-29
4694.30114870873  9.561253E-29
4695.39020097922  8.948456E-29
4696.47924854472  1.026453E-28
4697.56829135983  1.314243E-28
4698.65732937916  1.170087E-28
4699.74636255732  8.199782E-29
4700.83539084891  8.076045E-29
4701.92441420854  9.055823E-29
4703.01343259081  1.086511E-28
4704.10244595033  1.056059E-28
4705.19145424171  1.005659E-28
4706.28045741955  1.156080E-28
4707.36945543846  8.956769E-29
4708.45844825304  9.610024E-29
4709.54743581791  1.070042E-28
4710.63641808766  1.250357E-28
4711.72539501691  1.063009E-28
4712.81436656025  1.204518E-28
4713.9033326723  9.492614E-29
4714.99229330767  1.137680E-28
4716.08124842095  1.139296E-28
4717.17019796676  1.199827E-28
4718.25914189969  1.058164E-28
4719.34808017437  8.740412E-29
4720.43701274538  1.154580E-28
4721.52593956735  1.137084E-28
4722.61486059487  9.020885E-29
4723.70377578255  1.189658E-28
4724.792685085  1.103909E-28
4725.88158845683  8.661239E-29
4726.97048585263  1.111685E-28
4728.05937722703  1.235626E-28
4729.14826253461  8.815200E-29
4730.23714172999  1.034892E-28
4731.32601476778  8.632291E-29
4732.41488160258  1.432907E-28
4733.50374218899  1.063293E-28
4734.59259648163  1.174600E-28
4735.6814444351  1.103025E-28
4736.77028600401  8.812384E-29
4737.85912114295  1.129403E-28
4738.94794980655  1.164443E-28
4740.0367719494  1.092863E-28
4741.12558752611  1.019689E-28
4742.21439649129  9.393978E-29
4743.30319879954  1.026535E-28
4744.39199440546  8.511684E-29
4745.48078326368  8.165180E-29
4746.56956532879  5.911058E-29
4747.65834055539  3.317410E-29
4748.7471088981  4.658967E-29
4749.83587031151  5.095657E-29
4750.92462475025  9.844529E-29
4752.0133721689  1.143864E-28
4753.10211252209  9.251878E-29
4754.19084576441  1.188376E-28
4755.27957185047  1.213603E-28
4756.36829073488  1.415846E-28
4757.45700237224  1.071508E-28
4758.54570671716  1.134399E-28
4759.63440372425  1.052881E-28
4760.72309334811  9.699755E-29
4761.81177554334  9.905250E-29
4762.90045026456  1.231275E-28
4763.98911746638  1.203169E-28
4765.07777710338  1.290047E-28
4766.1664291302  1.175569E-28
4767.25507350142  8.956434E-29
4768.34371017165  9.339607E-29
4769.43233909551  1.380128E-28
4770.5209602276  1.279036E-28
4771.60957352251  1.080138E-28
4772.69817893487  1.214384E-28
4773.78677641928  1.215449E-28
4774.87536593034  1.268732E-28
4775.96394742266  1.072486E-28
4777.05252085084  8.888630E-29
4778.14108616949  1.335958E-28
4779.22964333322  1.193711E-28
4780.31819229663  1.189141E-28
4781.40673301433  1.111966E-28
4782.49526544093  8.531719E-29
4783.58378953103  9.136633E-29
4784.67230523924  8.782653E-29
4785.76081252016  9.760902E-29
4786.84931132841  1.123915E-28
4787.93780161857  1.061485E-28
4789.02628334528  1.493620E-28
4790.11475646312  1.224076E-28
4791.2032209267  1.256683E-28
4792.29167669064  1.143511E-28
4793.38012370954  1.293416E-28
4794.468561938  1.192889E-28
4795.55699133063  1.303536E-28
4796.64541184203  1.001471E-28
4797.73382342682  1.363924E-28
4798.8222260396  1.054597E-28
4799.91061963497  1.353318E-28
4800.99900416754  1.048326E-28
4802.08737959192  1.161407E-28
4803.17574586272  1.221956E-28
4804.26410293453  9.932948E-29
4805.35245076197  1.097256E-28
4806.44078929964  1.109794E-28
4807.52911850215  7.965152E-29
4808.6174383241  1.174854E-28
4809.7057487201  1.014148E-28
4810.79404964476  1.337499E-28
4811.88234105268  1.282049E-28
4812.97062289848  1.196882E-28
4814.05889513674  1.243563E-28
4815.14715772209  1.214237E-28
4816.23541060913  1.080184E-28
4817.32365375246  9.618622E-29
4818.41188710669  1.321431E-28
4819.50011062642  1.238936E-28
4820.58832426627  8.022341E-29
4821.67652798083  1.255194E-28
4822.76472172473  1.184601E-28
4823.85290545255  1.270005E-28
4824.94107911891  1.397218E-28
4826.02924267841  1.404114E-28
4827.11739608566  1.179092E-28
4828.20553929527  1.323271E-28
4829.29367226184  1.227234E-28
4830.38179493998  1.055556E-28
4831.46990728429  1.280156E-28
4832.55800924938  1.100567E-28
4833.64610078986  1.310596E-28
4834.73418186033  1.092843E-28
4835.8222524154  1.298716E-28
4836.91031240968  1.116458E-28
4837.99836179776  1.221755E-28
4839.08640053427  1.078256E-28
4840.17442857379  1.162806E-28
4841.26244587095  1.162104E-28
4842.35045238035  1.155694E-28
4843.43844805658  1.209350E-28
4844.52643285427  1.117894E-28
4845.61440672801  1.224489E-28
4846.70236963241  1.399557E-28
4847.79032152208  1.410374E-28
4848.87826235162  1.322420E-28
4849.96619207564  1.314874E-28
4851.05411064874  1.110102E-28
4852.14201802554  1.170094E-28
4853.22991416064  9.577797E-29
4854.31779900863  9.403204E-29
4855.40567252415  9.687181E-29
4856.49353466177  1.325499E-28
4857.58138537612  8.115724E-29
4858.6692246218  1.088846E-28
4859.75705235341  1.070645E-28
4860.84486852557  1.258139E-28
4861.93267309287  1.203385E-28
4863.02046600992  1.348900E-28
4864.10824723134  1.364559E-28
4865.19601671172  1.099673E-28
4866.28377440568  1.239825E-28
4867.37152026781  1.301977E-28
4868.45925425273  1.177864E-28
4869.54697631503  1.231565E-28
4870.63468640934  1.296200E-28
4871.72238449025  1.245295E-28
4872.81007051236  1.563122E-28
4873.8977444303  1.427315E-28
4874.98540619865  1.470160E-28
4876.07305577203  1.165413E-28
4877.16069310505  1.324653E-28
4878.24831815231  1.147412E-28
4879.33593086841  1.402854E-28
4880.42353120797  1.166388E-28
4881.51111912558  1.728943E-28
4882.59869457586  1.624564E-28
4883.68625751342  1.234502E-28
4884.77380789284  1.191734E-28
4885.86134566876  1.143130E-28
4886.94887079576  1.295326E-28
4888.03638322846  1.651939E-28
4889.12388292146  1.425046E-28
4890.21136982937  1.348636E-28
4891.29884390679  1.577121E-28
4892.38630510833  1.290498E-28
4893.4737533886  1.583464E-28
4894.56118870221  1.281928E-28
4895.64861100375  1.412290E-28
4896.73602024784  1.374222E-28
4897.82341638908  1.579092E-28
4898.91079938208  1.440139E-28
4899.99816918144  1.601238E-28
4901.08552574178  1.703545E-28
4902.17286901769  1.843242E-28
4903.26019896378  1.697429E-28
4904.34751553466  1.572789E-28
4905.43481868494  1.688679E-28
4906.52210836921  1.639544E-28
4907.6093845421  1.528404E-28
4908.6966471582  1.618564E-28
4909.78389617211  1.800952E-28
4910.87113153846  1.942171E-28
4911.95835321183  1.836343E-28
4913.04556114685  1.556480E-28
4914.13275529811  1.668020E-28
4915.21993562022  1.537380E-28
4916.30710206778  1.682057E-28
4917.39425459541  1.993311E-28
4918.48139315771  1.936588E-28
4919.56851770929  1.854861E-28
4920.65562820474  2.095281E-28
4921.74272459869  1.933813E-28
4922.82980684572  2.130256E-28
4923.91687490046  1.837220E-28
4925.00392871751  1.910055E-28
4926.09096825146  2.124819E-28
4927.17799345694  2.068582E-28
4928.26500428854  2.197092E-28
4929.35200070087  1.974336E-28
4930.43898264854  2.068177E-28
4931.52595008616  1.991506E-28
4932.61290296832  2.150071E-28
4933.69984124964  2.154593E-28
4934.78676488472  2.131347E-28
4935.87367382817  1.852926E-28
4936.96056803459  2.153074E-28
4938.04744745859  2.234695E-28
4939.13431205479  2.167843E-28
4940.22116177777  2.323074E-28
4941.30799658215  2.303222E-28
4942.39481642254  2.395453E-28
4943.48162125354  2.632766E-28
4944.56841102976  2.556770E-28
4945.6551857058  2.557148E-28
4946.74194523627  2.502609E-28
4947.82868957578  2.470855E-28
4948.91541867893  2.316820E-28
4950.00213250033  2.176869E-28
4951.08883099459  2.562277E-28
4952.1755141163  2.269339E-28
4953.26218182009  2.730825E-28
4954.34883406054  2.458612E-28
4955.43547079228  2.458158E-28
4956.5220919699  2.618879E-28
4957.60869754802  2.426491E-28
4958.69528748123  2.254507E-28
4959.78186172415  2.770424E-28
4960.86842023137  2.886404E-28
4961.95496295752  2.786203E-28
4963.04148985718  2.665508E-28
4964.12800088498  2.691877E-28
4965.21449599551  3.110912E-28
4966.30097514339  2.711202E-28
4967.38743828321  2.962685E-28
4968.47388536958  2.892208E-28
4969.56031635712  2.930334E-28
4970.64673120042  3.282651E-28
4971.73312985409  3.144486E-28
4972.81951227275  3.261984E-28
4973.90587841098  3.335026E-28
4974.99222822341  3.463124E-28
4976.07856166464  3.141542E-28
4977.16487868927  3.169020E-28
4978.25117925191  3.115550E-28
4979.33746330716  3.160715E-28
4980.42373080964  3.292813E-28
4981.50998171394  3.695404E-28
4982.59621597468  3.098879E-28
4983.68243354646  3.414148E-28
4984.76863438389  3.438901E-28
4985.85481844157  3.187569E-28
4986.94098567411  3.390456E-28
4988.02713603611  3.158573E-28
4989.11326948219  3.167515E-28
4990.19938596694  2.822983E-28
4991.28548544498  2.870103E-28
4992.3715678709  2.986689E-28
4993.45763319933  3.504611E-28
4994.54368138485  2.835221E-28
4995.62971238209  2.577765E-28
4996.71572614564  2.945325E-28
4997.80172263011  2.700537E-28
4998.88770179011  2.765534E-28
4999.97366358024  2.718289E-28
5001.05960795511  2.740700E-28
5002.14553486933  2.921115E-28
5003.23144427749  2.547477E-28
5004.31733613422  2.313020E-28
5005.40321039411  2.515930E-28
5006.48906701177  2.405993E-28
5007.57490594181  2.599335E-28
5008.66072713883  2.269166E-28
5009.74653055744  2.525472E-28
5010.83231615225  2.401844E-28
5011.91808387785  2.316976E-28
5013.00383368887  2.431313E-28
5014.0895655399  2.334719E-28
5015.17527938554  2.213648E-28
5016.26097518042  2.352292E-28
5017.34665287913  2.538595E-28
5018.43231243627  2.165850E-28
5019.51795380646  2.300880E-28
5020.6035769443  2.161870E-28
5021.6891818044  2.250456E-28
5022.77476834136  2.457637E-28
5023.8603365098  2.206581E-28
5024.9458862643  2.047689E-28
5026.03141755949  2.281123E-28
5027.11693034997  2.392509E-28
5028.20242459034  2.202132E-28
5029.28790023521  1.969954E-28
5030.37335723919  2.353305E-28
5031.45879555688  2.102948E-28
5032.54421514289  2.166069E-28
5033.62961595183  2.158246E-28
5034.71499793829  2.052761E-28
5035.8003610569  1.985895E-28
5036.88570526225  2.137392E-28
5037.97103050895  2.058166E-28
5039.0563367516  2.031097E-28
5040.14162394482  1.917370E-28
5041.2268920432  2.026567E-28
5042.31214100136  1.754140E-28
5043.3973707739  1.957549E-28
5044.48258131543  2.168318E-28
5045.56777258055  1.764804E-28
5046.65294452388  1.878529E-28
5047.7380971  2.089648E-28
5048.82323026354  2.299953E-28
5049.9083439691  1.731337E-28
5050.99343817128  1.938242E-28
5052.07851282469  1.804560E-28
5053.16356788394  1.786931E-28
5054.24860330363  1.759235E-28
5055.33361903837  1.848197E-28
5056.41861504276  1.775826E-28
5057.50359127142  1.798389E-28
5058.58854767894  1.864526E-28
5059.67348421994  1.916860E-28
5060.75840084902  1.943222E-28
5061.84329752078  1.674185E-28
5062.92817418984  1.636593E-28
5064.01303081079  1.926735E-28
5065.09786733825  2.175492E-28
5066.18268372682  1.846751E-28
5067.26747993111  1.782925E-28
5068.35225590572  1.667844E-28
5069.43701160526  1.840732E-28
5070.52174698434  1.554044E-28
5071.60646199755  1.882947E-28
5072.69115659952  1.574357E-28
5073.77583074484  1.710237E-28
5074.86048438812  2.099234E-28
5075.94511748396  1.675286E-28
5077.02972998698  1.501431E-28
5078.11432185178  1.860765E-28
5079.19889303296  1.657751E-28
5080.28344348514  1.752409E-28
5081.36797316291  1.496875E-28
5082.45248202089  1.623347E-28
5083.53697001367  2.016294E-28
5084.62143709587  1.801994E-28
5085.7058832221  1.686827E-28
5086.79030834695  1.634454E-28
5087.87471242504  1.757053E-28
5088.95909541096  1.588595E-28
5090.04345725934  1.551433E-28
5091.12779792477  1.759826E-28
5092.21211736185  1.463328E-28
5093.29641552521  1.498966E-28
5094.38069236943  1.698274E-28
5095.46494784913  1.200044E-28
5096.54918191892  1.553160E-28
5097.6333945334  1.758923E-28
5098.71758564717  1.800320E-28
5099.80175521485  1.594501E-28
5100.88590319103  1.575850E-28
5101.97002953033  1.535384E-28
5103.05413418736  1.482438E-28
5104.13821711671  1.552977E-28
5105.22227827299  1.749018E-28
5106.30631761081  1.726234E-28
5107.39033508478  1.624779E-28
5108.4743306495  1.362149E-28
5109.55830425958  1.167389E-28
5110.64225586962  1.451560E-28
5111.72618543424  1.244270E-28
5112.81009290803  1.750656E-28
5113.89397824561  1.289816E-28
5114.97784140157  1.347709E-28
5116.06168233053  1.556054E-28
5117.14550098709  1.678697E-28
5118.22929732586  1.370339E-28
5119.31307130144  1.363382E-28
5120.39682286845  1.378731E-28
5121.48055198148  1.507338E-28
5122.56425859514  1.685009E-28
5123.64794266404  1.069792E-28
5124.73160414279  1.474701E-28
5125.81524298599  1.339231E-28
5126.89885914824  1.304094E-28
5127.98245258416  1.628977E-28
5129.06602324835  1.402089E-28
5130.14957109541  1.446874E-28
5131.23309607996  1.344058E-28
5132.3165981566  1.464442E-28
5133.40007727993  1.754210E-28
5134.48353340456  1.346362E-28
5135.5669664851  1.297647E-28
5136.65037647615  1.430336E-28
5137.73376333232  1.310379E-28
5138.81712700821  1.257703E-28
5139.90046745844  1.159339E-28
5140.9837846376  1.271199E-28
5142.06707850031  1.226802E-28
5143.15034900117  1.439855E-28
5144.23359609479  1.170976E-28
5145.31681973577  1.245233E-28
5146.40001987871  1.214758E-28
5147.48319647824  1.269096E-28
5148.56634948894  1.077317E-28
5149.64947886543  1.223143E-28
5150.73258456231  1.377071E-28
5151.8156665342  1.464590E-28
5152.89872473569  1.552826E-28
5153.98175912139  7.603241E-29
5155.06476964591  1.254768E-28
5156.14775626385  1.041991E-28
5157.23071892983  1.128894E-28
5158.31365759844  1.034590E-28
5159.3965722243  1.445651E-28
5160.479462762  1.128198E-28
5161.56232916616  9.859426E-29
5162.64517139138  8.732898E-29
5163.72798939227  1.015555E-28
5164.81078312344  1.169346E-28
5165.89355253948  1.146797E-28
5166.97629759501  1.415163E-28
5168.05901824463  1.443604E-28
5169.14171444295  1.394353E-28
5170.22438614458  1.334787E-28
5171.30703330412  1.273904E-28
5172.38965587617  1.186137E-28
5173.47225381535  1.345715E-28
5174.55482707626  1.282435E-28
5175.6373756135  1.364753E-28
5176.71989938169  1.277813E-28
5177.80239833542  1.312213E-28
5178.88487242931  1.289695E-28
5179.96732161796  1.179270E-28
5181.04974585598  1.357099E-28
5182.13214509797  8.729477E-29
5183.21451929854  1.516660E-28
5184.29686841229  1.239352E-28
5185.37919239384  1.093905E-28
5186.46149119778  1.368581E-28
5187.54376477873  1.360917E-28
5188.62601309128  1.537160E-28
5189.70823609006  1.237430E-28
5190.79043372965  1.016077E-28
5191.87260596468  1.284998E-28
5192.95475274974  1.010390E-28
5194.03687403944  1.002156E-28
5195.11896978839  8.662017E-29
5196.20103995119  1.273350E-28
5197.28308448245  1.054837E-28
5198.36510333678  1.423207E-28
5199.44709646877  1.054885E-28
5200.52906383305  1.253547E-28
5201.61100538421  1.491143E-28
5202.69292107687  1.447222E-28
5203.77481086561  1.210825E-28
5204.85667470507  8.961598E-29
5205.93851254983  9.135585E-29
5207.0203243545  9.714084E-29
5208.1021100737  1.352182E-28
5209.18386966203  1.312227E-28
5210.26560307409  1.556546E-28
5211.34731026449  1.215783E-28
5212.42899118783  1.173603E-28
5213.51064579873  1.245444E-28
5214.59227405179  1.165790E-28
5215.67387590161  1.554735E-28
5216.7554513028  9.916583E-29
5217.83700020998  1.301429E-28
5218.91852257773  1.381124E-28
5220.00001836067  1.193081E-28
5221.08148751341  1.168094E-28
5222.16292999055  1.354595E-28
5223.2443457467  1.322824E-28
5224.32573473647  1.106555E-28
5225.40709691445  1.284726E-28
5226.48843223526  1.041856E-28
5227.5697406535  1.450007E-28
5228.65102212379  1.182564E-28
5229.73227660072  1.448537E-28
5230.8135040389  1.354903E-28
5231.89470439293  1.476630E-28
5232.97587761743  1.027471E-28
5234.05702366701  1.262278E-28
5235.13814249625  1.309450E-28
5236.21923405978  1.145657E-28
5237.3002983122  1.248927E-28
5238.38133520811  8.626922E-29
5239.46234470213  1.201877E-28
5240.54332674885  1.164483E-28
5241.62428130289  1.356974E-28
5242.70520831884  1.552321E-28
5243.78610775132  1.664700E-28
5244.86697955493  1.785796E-28
5245.94782368428  1.352230E-28
5247.02864009398  1.285694E-28
5248.10942873862  9.819155E-29
5249.19018957282  1.217604E-28
5250.27092255119  1.638595E-28
5251.35162762832  1.611334E-28
5252.43230475883  1.710762E-28
5253.51295389732  1.168397E-28
5254.5935749984  1.383963E-28
5255.67416801667  1.335568E-28
5256.75473290674  1.425960E-28
5257.83526962322  1.454623E-28
5258.91577812071  1.760109E-28
5259.99625835382  1.742234E-28
5261.07671027715  1.424041E-28
5262.15713384532  1.359588E-28
5263.23752901292  1.405082E-28
5264.31789573457  1.166232E-28
5265.39823396486  1.421195E-28
5266.47854365841  1.443096E-28
5267.55882476982  1.166735E-28
5268.6390772537  1.277619E-28
5269.71930106466  9.236569E-29
5270.79949615729  8.503367E-29
5271.87966248621  9.932753E-29
5272.95980000603  1.275730E-28
5274.03990867134  1.385802E-28
5275.11998843676  1.356525E-28
5276.20003925689  1.546871E-28
5277.28006108634  1.253515E-28
5278.36005387971  1.347743E-28
5279.44001759161  1.200011E-28
5280.51995217665  1.712584E-28
5281.59985758943  1.472870E-28
5282.67973378456  1.272947E-28
5283.75958071664  9.707007E-29
5284.83939834028  1.275750E-28
5285.91918661009  1.434655E-28
5286.99894548068  1.628753E-28
5288.07867490664  1.303057E-28
5289.15837484259  1.613848E-28
5290.23804524313  1.397914E-28
5291.31768606287  1.005857E-28
5292.39729725642  9.196586E-29
5293.47687877837  7.782126E-29
5294.55643058334  1.004369E-28
5295.63595262593  1.299023E-28
5296.71544486076  1.428837E-28
5297.79490724241  1.516141E-28
5298.87433972551  1.362528E-28
5299.95374226466  1.370323E-28
5301.03311481446  1.806946E-28
5302.11245732952  1.345181E-28
5303.19176976444  1.308649E-28
5304.27105207384  1.326227E-28
5305.35030421232  1.759006E-28
5306.42952613448  1.097746E-28
5307.50871779493  1.151818E-28
5308.58787914828  1.534304E-28
5309.66701014914  1.725642E-28
5310.7461107521  1.463246E-28
5311.82518091177  1.656927E-28
5312.90422058277  9.177264E-29
5313.9832297197  1.198639E-28
5315.06220827716  1.096483E-28
5316.14115620977  1.232397E-28
5317.22007347211  1.055718E-28
5318.29896001882  1.241091E-28
5319.37781580447  1.169861E-28
5320.4566407837  1.442303E-28
5321.5354349111  1.331884E-28
5322.61419814127  1.357997E-28
5323.69293042883  1.390139E-28
5324.77163172837  1.681847E-28
5325.85030199452  1.049235E-28
5326.92894118186  1.304473E-28
5328.00754924502  1.435826E-28
5329.08612613859  1.500066E-28
5330.16467181718  1.234087E-28
5331.24318623539  1.497521E-28
5332.32166934784  1.287115E-28
5333.40012110913  1.431186E-28
5334.47854147387  1.001002E-28
5335.55693039665  1.240443E-28
5336.6352878321  1.506444E-28
5337.71361373481  1.234295E-28
5338.79190805938  1.461390E-28
5339.87017076044  8.474881E-29
5340.94840179258  1.335383E-28
5342.02660111041  1.072769E-28
5343.10476866853  1.379558E-28
5344.18290442155  1.658628E-28
5345.26100832408  1.069774E-28
5346.33908033073  1.306416E-28
5347.41712039609  1.132898E-28
5348.49512847478  1.573535E-28
5349.5731045214  8.375171E-29
5350.65104849056  1.419494E-28
5351.72896033687  7.460515E-29
5352.80684001492  6.856167E-29
5353.88468747933  1.096210E-28
5354.96250268471  1.425916E-28
5356.04028558566  1.218624E-28
5357.11803613678  1.166011E-28
5358.19575429268  1.247913E-28
5359.27344000797  1.380697E-28
5360.35109323726  1.006338E-28
5361.42871393514  9.714176E-29
5362.50630205623  1.188977E-28
5363.58385755513  1.300235E-28
5364.66138038646  1.164651E-28
5365.7388705048  1.035587E-28
5366.81632786478  1.447862E-28
5367.893752421  1.120544E-28
5368.97114412806  1.006217E-28
5370.04850294057  1.191772E-28
5371.12582881314  1.113987E-28
5372.20312170036  1.311269E-28
5373.28038155686  1.085293E-28
5374.35760833723  1.577134E-28
5375.43480199608  1.517270E-28
5376.51196248802  1.370946E-28
5377.58908976765  1.123153E-28
5378.66618378958  5.670189E-29
5379.74324450842  1.373844E-28
5380.82027187876  5.038838E-29
5381.89726585523  1.763450E-28
5382.97422639242  1.231050E-28
5384.05115344494  1.412985E-28
5385.1280469674  7.456772E-29
5386.20490691439  1.313837E-28
5387.28173324054  1.239585E-28
5388.35852590044  1.509382E-28
5389.43528484871  1.166622E-28
5390.51201003994  1.456964E-28
5391.58870142874  9.798198E-29
5392.66535896973  8.267012E-29
5393.7419826175  1.474609E-28
5394.81857232666  8.659696E-29
5395.89512805182  1.113417E-28
5396.97164974758  1.143353E-28
5398.04813736856  1.696558E-28
5399.12459086935  1.434388E-28
5400.20101020457  1.287430E-28
5401.27739532881  1.019178E-28
5402.35374619669  1.858040E-28
5403.43006276282  1.174808E-28
5404.50634498179  1.035494E-28
5405.58259280821  1.084775E-28
5406.65880619669  1.011931E-28
5407.73498510184  1.243885E-28
5408.81112947826  9.203567E-29
5409.88723928057  7.120709E-29
5410.96331446335  1.064132E-28
5412.03935498123  1.068028E-28
5413.1153607888  1.397423E-28
5414.19133184068  1.115528E-28
5415.26726809147  1.414483E-28
5416.34316949577  1.453419E-28
5417.4190360082  1.149939E-28
5418.49486758335  9.777745E-29
5419.57066417584  1.038490E-28
5420.64642574027  1.206282E-28
5421.72215223124  1.415431E-28
5422.79784360338  1.469228E-28
5423.87349981126  1.254773E-28
5424.94912080952  1.387531E-28
5426.02470655274  1.113571E-28
5427.10025699554  1.222430E-28
5428.17577209253  1.028721E-28
5429.25125179831  1.249688E-28
5430.32669606748  9.985188E-29
5431.40210485466  8.815898E-29
5432.47747811444  8.688309E-29
5433.55281580144  1.484676E-28
5434.62811787026  1.414620E-28
5435.70338427551  1.578934E-28
5436.77861497179  8.217110E-29
5437.85380991371  1.076845E-28
5438.92896905587  1.346669E-28
5440.00409235289  1.228036E-28
5441.07917975937  1.130974E-28
5442.15423122991  6.235870E-29
5443.22924671912  1.105357E-28
5444.30422618161  7.787481E-29
5445.37916957198  1.030772E-28
5446.45407684484  1.840032E-28
5447.52894795479  1.274219E-28
5448.60378285645  9.277579E-29
5449.67858150441  1.030861E-28
5450.75334385329  8.791794E-29
5451.82806985769  1.309750E-28
5452.90275947222  1.418647E-28
5453.97741265147  1.579936E-28
5455.05202935007  1.098897E-28
5456.12660952261  1.230869E-28
5457.2011531237  1.569651E-28
5458.27566010795  1.688025E-28
5459.35013042996  1.521657E-28
5460.42456404435  1.329001E-28
5461.4989609057  1.034672E-28
5462.57332096864  7.581594E-29
5463.64764418777  1.054849E-28
5464.72193051769  1.312512E-28
5465.79617991302  8.568543E-29
5466.87039232835  1.343488E-28
5467.94456771829  1.265488E-28
5469.01870603745  7.843199E-29
5470.09280724044  1.019740E-28
5471.16687128186  1.837601E-28
5472.24089811631  1.507233E-28
5473.31488769841  6.484236E-29
5474.38883998276  1.669939E-28
5475.46275492396  9.576870E-29
5476.53663247663  9.920500E-29
5477.61047259537  1.744271E-28
5478.68427523478  2.353772E-29
5479.75804034947  1.146846E-28
5480.83176789405  1.438873E-28
5481.90545782313  1.444372E-28
5482.9791100913  1.245488E-28
5484.05272465318  1.705206E-28
5485.12630146337  1.833756E-28
5486.19984047648  8.390781E-29
5487.27334164711  1.376050E-28
5488.34680492987  2.240182E-28
5489.42023027937  1.556866E-28
5490.49361765021  1.030392E-28
5491.566966997  1.272712E-28
5492.64027827435  6.948017E-29
5493.71355143686  9.984978E-29
5494.78678643914  7.780160E-29
5495.85998323578  7.237142E-29
5496.93314178142  9.172024E-29
5498.00626203063  9.486002E-29
5499.07934393804  7.735759E-29
