|cntr_01|      ra_01|    dec_01|          mean_mjd|        w1mpro_wgt|          w1mpro_err|        w2mpro_wgt|          w2mpro_err|nMeas|
|   long|     double|    double|            double|            double|              double|            double|              double| long|
|       |           |          |                  |                  |                    |                  |                    |     |
|   null|       null|      null|              null|              null|                null|              null|                null| null|
       1 181.4362591   34.38122  56811.86564864938 15.170555938080685 0.029540513316930344 13.887598951458383 0.037027589622373625    16 
       1 181.4362591   34.38122  57001.44014689928 15.188760674876473  0.03109084144405906 13.830810246335247  0.03745742715856899    14 
       1 181.4362591   34.38122    57172.844548028 15.152809619905318 0.029876423782429006  13.87684607008831  0.03652565673530979    15 
       1 181.4362591   34.38122  57365.58133264231 15.136804124282754  0.03174408407057041 13.847642489321498  0.04035450464837397    13 
       1 181.4362591   34.38122 57531.707613876155 15.116543403646817  0.03228780271457813 13.866378168418514  0.04305519934916153    13 
       1 181.4362591   34.38122  57729.82354588287 15.082030708849995  0.03227925932986345  13.95449605942289  0.04318631535474087    14 
       1 181.4362591   34.38122  57892.21936603308 15.216084139230988 0.034410443583448205 13.901234701997492  0.04103695205851414    13 
       1 181.4362591   34.38122 58094.257696756154 15.178080518996907  0.03396925458484067 13.968555973044468  0.04571869802179139    13 
       1 181.4362591   34.38122 58252.676377049225  15.22873603601548  0.03441952902205159 13.926992230622348  0.03967339027490097    13 
       1 181.4362591   34.38122    58460.995018765  15.29347376892323 0.038717235486998486 14.000600123376664 0.049677495555438655    12 
       2 249.7205584 28.4521589  56710.72258325358  16.16925463487468  0.08001526696433336  14.97751231346331  0.11611801840791476    14 
       2 249.7205584 28.4521589 56891.007671695006  16.29335260811834   0.1226037208616195 14.934955240738182   0.1821278388379729     6 
       2 249.7205584 28.4521589  57074.10462383667  16.30706437239467   0.1604507289205208              15.11                0.319     3 
       2 249.7205584 28.4521589   57249.9257376025 16.189749957793005  0.08110135342614305 14.951028850384116  0.16569684515130076    12 
       2 249.7205584 28.4521589  57438.50854978334 16.187193485921572  0.13809287533231818             15.322                0.381     3 
       2 249.7205584 28.4521589  57609.29605476223  16.31902444245672  0.10672282165029297 15.050369740870616  0.18941976471157107     9 
       2 249.7205584 28.4521589 57805.436009019155 16.350050892516713  0.08957910399947044  15.06855455210317   0.1491505471425501    12 
       2 249.7205584 28.4521589 57972.321888954444 16.157655312617337  0.08900805585701896 15.188255750718584   0.2014942849137943     9 
       2 249.7205584 28.4521589  58169.90664152076 16.102524850384395  0.07300615461961202 15.225303250198348  0.19825534054220176    13 
       2 249.7205584 28.4521589  58332.78924870636  16.12908552185785   0.0764063241343114 15.359405558498297  0.22680480599933325    11 
       3  337.078194  22.017478      56819.1915238 15.736685797533108  0.07128149061173847 14.727117219678005  0.11412587557501992     7 
       3  337.078194  22.017478 56999.391297266004 15.643786977347833  0.07957823955347502 15.186327170033804  0.21434354758378438     5 
       3  337.078194  22.017478  57182.23326642917 15.769159922806743  0.06246742972712624 14.707665654958603  0.10753996136973103    12 
       3  337.078194  22.017478  57358.67948723834  15.72517807851633  0.08112396803116714 14.748482147515913  0.11852003591169218     6 
       3  337.078194  22.017478  57547.78541887334 15.692267148073265  0.08189941856612298 14.887895513654415  0.21018002524503673     6 
       3  337.078194  22.017478  57717.68577182666 15.747439666786681  0.10306778495285648 14.785045823235714  0.20376610732456027     3 
       3  337.078194  22.017478  57912.22466551715 15.723586176418179  0.06995610242047523 14.594190774793997  0.12887600185637194     7 
       3  337.078194  22.017478 58078.522889637505  16.10339475051376  0.14366756201974384   14.8246801945946  0.19102422205592057     4 
       3  337.078194  22.017478  58279.39492453715 15.932490846333145  0.09799730541940725 14.418845192748808  0.11988608607314012     7 
       3  337.078194  22.017478 58441.530648228756 15.886810222652718  0.08198515810132731  14.53596289328321  0.11178637967679302     8 
