wavelength        flux_density
3199.78200888852  -4.272135E-29
3200.83372659039  3.277577E-28
3201.88550208646  3.845790E-28
3202.93733533226  2.959407E-28
3203.98922628332  2.257620E-28
3205.04117489516  6.817332E-28
3206.09318112332  9.369880E-28
3207.14524492332  4.253635E-28
3208.19736625068  -8.645862E-29
3209.24954506094  1.328828E-28
3210.30178130962  2.201899E-28
3211.35407495226  2.189024E-28
3212.40642594437  7.099019E-28
3213.45883424148  -3.922700E-28
3214.51129979913  7.580918E-28
3215.56382257284  2.090134E-28
3216.61640251814  4.177707E-28
3217.66903959055  2.022230E-28
3218.7217337456  4.550325E-28
3219.77448493883  5.233405E-28
3220.82729312575  2.214152E-28
3221.8801582619  -3.493543E-28
3222.93308030281  9.299598E-29
3223.98605920399  -2.636419E-29
3225.03909492098  1.865804E-28
3226.09218740931  3.844057E-28
3227.1453366245  3.700067E-28
3228.19854252208  8.653247E-29
3229.25180505758  1.021051E-27
3230.30512418653  4.686410E-28
3231.35849986445  3.526988E-28
3232.41193204687  6.697989E-28
3233.46542068932  1.865836E-28
3234.51896574733  -5.887606E-29
3235.57256717642  6.625017E-28
3236.62622493212  2.218274E-28
3237.67993896996  -9.539195E-29
3238.73370924546  3.084908E-28
3239.78753571416  6.379637E-28
3240.84141833158  -5.812882E-29
3241.89535705325  7.892663E-28
3242.9493518347  -6.973541E-29
3244.00340263145  -9.199784E-29
3245.05750939904  5.722709E-28
3246.11167209298  1.973647E-28
3247.16589066881  3.077551E-28
3248.22016508205  2.283328E-28
3249.27449528823  3.454439E-28
3250.32888124289  2.314435E-28
3251.38332290154  4.827013E-28
3252.43782021972  4.931990E-28
3253.49237315294  9.934242E-29
3254.54698165675  3.496084E-28
3255.60164568666  2.718422E-28
3256.65636519821  1.537180E-28
3257.71114014692  3.106871E-28
3258.76597048832  3.052536E-28
3259.82085617794  3.120943E-28
3260.8757971713  -7.679054E-29
3261.93079342394  5.193860E-28
3262.98584489137  -1.058312E-28
3264.04095152914  4.352482E-28
3265.09611329275  2.041837E-28
3266.15133013775  7.685232E-28
3267.20660201966  4.412921E-28
3268.26192889401  9.134511E-29
3269.31731071632  8.885558E-29
3270.37274744213  7.192109E-28
3271.42823902695  4.827440E-28
3272.48378542633  1.245183E-27
3273.53938659577  4.180451E-28
3274.59504249083  1.214295E-28
3275.65075306701  3.929304E-28
3276.70651827985  4.376930E-28
3277.76233808487  3.373889E-28
3278.81821243761  4.729327E-28
3279.87414129359  -4.791587E-29
3280.93012460834  2.346778E-28
3281.98616233738  2.635189E-28
3283.04225443625  5.337102E-28
3284.09840086046  4.703597E-28
3285.15460156556  1.862406E-28
3286.21085650706  2.810064E-28
3287.26716564049  5.907250E-28
3288.32352892139  -1.098526E-28
3289.37994630527  2.211457E-29
3290.43641774767  4.367245E-28
3291.49294320411  3.330731E-28
3292.54952263013  1.270383E-28
3293.60615598124  6.149052E-28
3294.66284321298  4.531294E-28
3295.71958428087  6.901079E-29
3296.77637914045  -5.350575E-29
3297.83322774723  4.431053E-28
3298.89013005675  5.276303E-28
3299.94708602453  4.756541E-28
3301.00409560611  -1.816167E-28
3302.061158757  -1.218658E-28
3303.11827543274  5.602572E-29
3304.17544558886  4.404517E-28
3305.23266918087  3.111031E-28
3306.28994616432  3.166465E-28
3307.34727649472  -4.795600E-30
3308.40466012761  2.928575E-28
3309.46209701851  1.985483E-28
3310.51958712294  3.545423E-28
3311.57713039645  1.459721E-28
3312.63472679455  4.658975E-28
3313.69237627277  2.614529E-28
3314.75007878664  5.277406E-28
3315.80783429169  2.887713E-28
3316.86564274344  -1.782524E-28
3317.92350409742  5.067051E-28
3318.98141830917  9.996900E-29
3320.0393853342  6.609651E-28
3321.09740512804  3.862357E-28
3322.15547764623  -2.924947E-28
3323.21360284429  1.351275E-28
3324.27178067775  1.602594E-28
3325.33001110213  3.663012E-28
3326.38829407296  3.285726E-28
3327.44662954578  1.297510E-28
3328.5050174761  3.849346E-28
3329.56345781945  2.547218E-28
3330.62195053137  1.775457E-28
3331.68049556738  7.394105E-29
3332.73909288301  8.791264E-29
3333.79774243378  4.229629E-28
3334.85644417523  1.153932E-29
3335.91519806287  2.658377E-28
3336.97400405225  1.164992E-28
3338.03286209888  2.575853E-28
3339.09177215829  1.522050E-28
3340.15073418601  5.680508E-29
3341.20974813757  4.937358E-28
3342.2688139685  4.437555E-28
3343.32793163432  2.295341E-28
3344.38710109056  1.885061E-28
3345.44632229275  4.190044E-28
3346.50559519641  1.888473E-28
3347.56491975708  5.565637E-28
3348.62429593028  5.447892E-28
3349.68372367154  -7.975422E-29
3350.74320293638  7.671432E-29
3351.80273368034  1.347514E-28
3352.86231585894  8.641051E-28
3353.9219494277  8.793838E-28
3354.98163434217  2.537555E-28
3356.04137055785  2.631901E-28
3357.10115803029  5.329997E-28
3358.16099671501  1.578623E-28
3359.22088656753  2.905952E-28
3360.28082754339  7.464639E-29
3361.34081959811  3.664905E-28
3362.40086268722  4.652172E-29
3363.46095676624  4.625050E-28
3364.52110179071  1.764200E-28
3365.58129771615  1.435880E-28
3366.64154449809  4.479471E-28
3367.70184209206  5.373004E-28
3368.76219045358  -8.297893E-29
3369.82258953818  3.404235E-28
3370.88303930139  8.785320E-29
3371.94353969874  3.250287E-28
3373.00409068576  1.711498E-28
3374.06469221796  3.822788E-28
3375.12534425089  2.883982E-28
3376.18604674006  1.187388E-28
3377.24679964101  2.609393E-28
3378.30760290926  3.764885E-28
3379.36845650033  7.770458E-29
3380.42936036977  2.958936E-28
3381.49031447309  3.004881E-28
3382.55131876582  1.746663E-28
3383.6123732035  -1.163109E-28
3384.67347774164  3.233016E-28
3385.73463233577  1.770534E-28
3386.79583694143  4.979681E-28
3387.85709151414  1.298866E-28
3388.91839600942  -1.411106E-28
3389.97975038282  -1.107222E-28
3391.04115458984  1.995246E-28
3392.10260858602  3.484826E-28
3393.16411232689  1.107550E-28
3394.22566576798  1.348314E-28
3395.28726886481  2.807439E-28
3396.34892157291  -1.607151E-28
3397.41062384781  2.355268E-28
3398.47237564503  -2.615216E-28
3399.53417692011  -3.138045E-28
3400.59602762857  9.530349E-29
3401.65792772593  -1.100453E-28
3402.71987716774  9.992412E-29
3403.7818759095  4.308811E-28
3404.84392390676  3.933500E-28
3405.90602111503  1.293575E-28
3406.96816748985  3.574135E-28
3408.03036298674  4.869315E-28
3409.09260756124  3.832911E-28
3410.15490116886  -7.302159E-29
3411.21724376514  3.595270E-28
3412.2796353056  5.752624E-29
3413.34207574577  7.011287E-29
3414.40456504119  9.810674E-29
3415.46710314737  8.652205E-30
3416.52969001984  -9.245740E-29
3417.59232561413  3.569091E-28
3418.65500988577  1.369960E-28
3419.71774279029  4.934321E-28
3420.78052428322  1.540588E-28
3421.84335432007  4.312157E-28
3422.90623285638  4.979318E-28
3423.96915984768  6.091733E-29
3425.0321352495  -7.867948E-29
3426.09515901735  3.629977E-28
3427.15823110678  1.739036E-28
3428.2213514733  2.667534E-28
3429.28452007244  4.806047E-29
3430.34773685974  3.663663E-28
3431.41100179072  1.548590E-28
3432.4743148209  6.790935E-30
3433.53767590582  2.398132E-29
3434.601085001  2.020139E-28
3435.66454206197  1.453239E-28
3436.72804704426  9.173574E-29
3437.79159990339  3.782546E-28
3438.8552005949  -2.637265E-29
3439.9188490743  2.751709E-28
3440.98254529713  1.899817E-29
3442.04628921892  1.047529E-28
3443.11008079519  -5.034416E-29
3444.17391998146  1.706180E-28
3445.23780673328  -3.529851E-29
3446.30174100616  1.273362E-28
3447.36572275564  -4.458658E-31
3448.42975193723  2.209981E-30
3449.49382850647  1.851450E-28
3450.55795241889  3.862659E-28
3451.62212363001  3.272730E-28
3452.68634209536  2.978342E-28
3453.75060777046  1.724189E-28
3454.81492061086  2.938904E-29
3455.87928057206  1.140173E-28
3456.94368760961  4.201074E-28
3458.00814167902  9.612217E-29
3459.07264273583  1.072540E-28
3460.13719073556  -2.862284E-30
3461.20178563375  3.945865E-28
3462.26642738591  3.660899E-28
3463.33111594758  8.482429E-29
3464.39585127428  3.934035E-29
3465.46063332154  -3.275501E-29
3466.52546204489  2.797062E-28
3467.59033739985  8.790520E-29
3468.65525934196  -4.862601E-30
3469.72022782674  1.124071E-29
3470.78524280972  3.227966E-28
3471.85030424642  1.719038E-28
3472.91541209238  2.492134E-29
3473.98056630312  1.327642E-28
3475.04576683417  2.047207E-28
3476.11101364105  3.279452E-28
3477.1763066793  1.935029E-28
3478.24164590444  1.407646E-28
3479.307031272  1.266339E-28
3480.37246273751  6.269260E-28
3481.43794025648  6.215800E-30
3482.50346378446  2.369389E-29
3483.56903327697  -5.322197E-29
3484.63464868954  3.522708E-28
3485.70030997769  8.824981E-29
3486.76601709695  1.583161E-29
3487.83177000285  2.251623E-28
3488.89756865092  1.949100E-28
3489.96341299668  -1.025082E-28
3491.02930299567  8.978663E-29
3492.0952386034  1.692774E-28
3493.16121977541  -2.200920E-28
3494.22724646722  2.058557E-28
3495.29331863437  1.770138E-28
3496.35943623238  1.226915E-28
3497.42559921677  5.160463E-28
3498.49180754308  6.471323E-29
3499.55806116683  -2.537184E-28
3500.62436004355  -1.543513E-29
3501.69070412877  2.956169E-28
3502.75709337801  2.263413E-28
3503.82352774681  2.015894E-28
3504.89000719068  2.822676E-28
3505.95653166516  2.376196E-28
3507.02310112578  1.165602E-28
3508.08971552806  3.075501E-28
3509.15637482753  4.766002E-29
3510.22307897972  1.641124E-28
3511.28982794015  -4.393374E-29
3512.35662166436  2.768070E-29
3513.42346010786  2.635133E-28
3514.4903432262  1.099624E-28
3515.55727097488  2.777250E-28
3516.62424330946  1.046254E-28
3517.69126018544  1.834068E-28
3518.75832155836  2.942392E-28
3519.82542738375  1.213478E-28
3520.89257761712  2.001417E-28
3521.95977221402  6.235847E-29
3523.02701112997  2.265783E-28
3524.0942943205  1.412537E-28
3525.16162174112  2.150577E-28
3526.22899334738  3.823282E-28
3527.2964090948  7.192762E-30
3528.3638689389  3.802923E-28
3529.43137283522  2.857865E-29
3530.49892073927  6.901189E-29
3531.5665126066  3.523922E-28
3532.63414839272  4.565690E-28
3533.70182805316  6.974367E-29
3534.76955154346  3.199621E-28
3535.83731881913  9.057132E-29
3536.90512983572  2.799287E-28
3537.97298454873  6.532999E-29
3539.04088291371  2.314091E-28
3540.10882488617  3.436747E-28
3541.17681042165  3.266770E-28
3542.24483947568  -1.617224E-29
3543.31291200378  2.214370E-28
3544.38102796147  3.338797E-28
3545.4491873043  2.077813E-28
3546.51738998777  6.206918E-29
3547.58563596743  2.337379E-28
3548.6539251988  2.814560E-28
3549.7222576374  3.014065E-28
3550.79063323877  2.824181E-28
3551.85905195843  1.242967E-28
3552.92751375191  4.272132E-28
3553.99601857474  3.757112E-28
3555.06456638244  1.889034E-28
3556.13315713055  2.275138E-28
3557.20179077458  1.793826E-28
3558.27046727007  2.579233E-28
3559.33918657255  4.020891E-28
3560.40794863753  3.784032E-28
3561.47675342056  2.211857E-28
3562.54560087716  3.174585E-28
3563.61449096285  1.265960E-28
3564.68342363316  3.219139E-28
3565.75239884362  2.575532E-28
3566.82141654976  3.384350E-28
3567.8904767071  -8.980270E-29
3568.95957927118  2.187892E-28
3570.02872419752  8.275740E-29
3571.09791144164  1.213430E-28
3572.16714095908  1.020621E-29
3573.23641270537  3.355472E-28
3574.30572663602  1.697082E-28
3575.37508270657  1.273483E-28
3576.44448087255  8.128040E-29
3577.51392108948  1.692429E-28
3578.58340331289  6.854768E-29
3579.6529274983  4.690481E-29
3580.72249360126  2.084319E-28
3581.79210157727  1.076933E-28
3582.86175138188  2.652871E-28
3583.93144297061  9.113942E-29
3585.00117629898  2.214940E-28
3586.07095132252  1.640020E-28
3587.14076799677  6.116044E-28
3588.21062627724  -2.177465E-28
3589.28052611947  4.633969E-30
3590.35046747899  1.916137E-28
3591.42045031131  2.997304E-29
3592.49047457197  1.168557E-28
3593.5605402165  5.963106E-29
3594.63064720042  1.544898E-28
3595.70079547927  2.997201E-28
3596.77098500856  4.893753E-28
3597.84121574383  2.245603E-28
3598.9114876406  3.230760E-28
3599.9818006544  3.500736E-28
3601.05215474077  4.322305E-28
3602.12254985522  1.338819E-28
3603.19298595328  1.679241E-28
3604.26346299049  2.250862E-28
3605.33398092236  3.564458E-28
3606.40453970443  4.268800E-28
3607.47513929222  2.781638E-28
3608.54577964127  1.263721E-28
3609.6164607071  1.388624E-28
3610.68718244523  1.741857E-28
3611.7579448112  5.920548E-29
3612.82874776052  -8.851434E-29
3613.89959124874  4.675827E-28
3614.97047523138  1.696068E-28
3616.04139966396  3.438116E-28
3617.11236450201  3.432932E-29
3618.18336970106  2.884983E-28
3619.25441521664  2.559908E-28
3620.32550100427  1.522100E-28
3621.39662701949  4.957653E-28
3622.46779321781  2.127908E-28
3623.53899955478  3.472972E-28
3624.6102459859  2.259108E-28
3625.68153246672  4.492451E-28
3626.75285895276  2.435649E-28
3627.82422539955  6.873562E-29
3628.89563176261  2.680062E-28
3629.96707799748  4.201071E-28
3631.03856405968  3.086514E-28
3632.11008990473  2.410050E-28
3633.18165548817  3.572486E-28
3634.25326076552  5.054974E-29
3635.32490569231  4.726198E-28
3636.39659022407  7.160121E-29
3637.46831431632  4.123671E-28
3638.5400779246  2.155258E-28
3639.61188100443  1.639087E-28
3640.68372351133  2.612743E-28
3641.75560540085  2.602851E-28
3642.82752662849  4.116102E-28
3643.8994871498  1.899373E-28
3644.97148692029  1.137377E-28
3646.0435258955  2.628460E-28
3647.11560403095  1.416568E-29
3648.18772128218  5.346107E-29
3649.2598776047  1.872070E-28
3650.33207295405  2.264007E-28
3651.40430728575  3.220592E-28
3652.47658055533  1.844719E-28
3653.54889271832  9.210015E-29
3654.62124373025  7.452444E-29
3655.69363354664  2.067212E-28
3656.76606212302  1.623465E-28
3657.83852941492  3.770287E-29
3658.91103537787  1.348967E-28
3659.98357996739  4.049702E-28
3661.05616313901  6.862977E-29
3662.12878484827  7.354479E-29
3663.20144505067  2.881425E-28
3664.27414370177  1.855749E-28
3665.34688075707  3.132335E-28
3666.41965617211  1.455009E-28
3667.49246990242  2.015998E-28
3668.56532190352  2.515113E-28
3669.63821213095  2.694410E-28
3670.71114054022  1.938404E-28
3671.78410708687  1.108481E-28
3672.85711172643  1.757105E-28
3673.93015441442  -4.314834E-29
3675.00323510637  3.284532E-28
3676.0763537578  4.964549E-28
3677.14951032425  2.323480E-28
3678.22270476124  4.685225E-28
3679.2959370243  1.878865E-28
3680.36920706896  2.925402E-28
3681.44251485074  3.459588E-28
3682.51586032517  2.637280E-28
3683.58924344779  3.082298E-28
3684.66266417411  5.332824E-28
3685.73612245967  5.205631E-28
3686.80961825998  1.996924E-28
3687.88315153059  5.690062E-28
3688.95672222702  2.696758E-28
3690.03033030479  4.233460E-28
3691.10397571944  5.098988E-28
3692.17765842648  4.279527E-28
3693.25137838145  2.506572E-28
3694.32513553988  3.693552E-28
3695.39892985729  1.472713E-28
3696.47276128921  3.349027E-28
3697.54662979117  6.060854E-28
3698.62053531869  5.829726E-28
3699.69447782731  4.069778E-28
3700.76845727255  2.777140E-28
3701.84247360993  3.628296E-28
3702.91652679499  3.410366E-28
3703.99061678326  3.107795E-28
3705.06474353025  3.958644E-28
3706.1389069915  3.267064E-28
3707.21310712254  5.180056E-28
3708.28734387889  4.287636E-28
3709.36161721609  3.837924E-28
3710.43592708965  3.641980E-28
3711.51027345511  7.205477E-28
3712.58465626799  4.969909E-28
3713.65907548382  2.498631E-28
3714.73353105813  5.691694E-28
3715.80802294645  3.766716E-28
3716.8825511043  6.876392E-28
3717.95711548721  3.222806E-28
3719.03171605071  7.194744E-28
3720.10635275033  4.528417E-28
3721.18102554159  6.846431E-28
3722.25573438002  8.771288E-28
3723.33047922115  5.309058E-28
3724.40526002051  5.714463E-28
3725.48007673362  4.581044E-28
3726.55492931601  5.771094E-28
3727.62981772321  5.749654E-28
3728.70474191075  2.374824E-28
3729.77970183415  3.548506E-28
3730.85469744895  5.920489E-28
3731.92972871066  5.256967E-28
3733.00479557482  6.688178E-28
3734.07989799696  5.433253E-28
3735.1550359326  6.300036E-28
3736.23020933726  3.271878E-28
3737.30541816649  7.645065E-28
3738.38066237579  4.190883E-28
3739.45594192071  5.397092E-28
3740.53125675678  3.313565E-28
3741.6066068395  5.248046E-28
3742.68199212442  4.496776E-28
3743.75741256707  3.293159E-28
3744.83286812296  5.072772E-28
3745.90835874763  3.982905E-28
3746.98388439661  4.183255E-28
3748.05944502542  2.848556E-28
3749.13504058959  2.887829E-28
3750.21067104464  3.823324E-28
3751.28633634611  2.886624E-28
3752.36203644953  5.623602E-28
3753.43777131041  4.317295E-28
3754.51354088429  5.075774E-28
3755.5893451267  4.449218E-28
3756.66518399316  1.365514E-28
3757.7410574392  4.847940E-28
3758.81696542035  4.893028E-28
3759.89290789213  2.405419E-28
3760.96888481008  3.333501E-28
3762.04489612972  3.572203E-28
3763.12094180657  2.500443E-28
3764.19702179618  4.388852E-28
3765.27313605405  2.870159E-28
3766.34928453572  2.076879E-28
3767.42546719673  2.795596E-28
3768.50168399259  4.769675E-28
3769.57793487883  3.279454E-28
3770.65421981098  5.033520E-28
3771.73053874457  4.952968E-28
3772.80689163513  1.491204E-28
3773.88327843818  4.744649E-28
3774.95969910925  2.955292E-28
3776.03615360387  4.122330E-28
3777.11264187757  4.094099E-28
3778.18916388587  4.999171E-28
3779.2657195843  4.440269E-28
3780.34230892839  4.268919E-28
3781.41893187367  4.855676E-28
3782.49558837566  4.343428E-28
3783.57227838989  3.604104E-28
3784.64900187189  4.432702E-28
3785.72575877719  4.412587E-28
3786.80254906131  4.122403E-28
3787.87937267979  4.784677E-28
3788.95622958814  5.261742E-28
3790.0331197419  4.070894E-28
3791.11004309659  4.965265E-28
3792.18699960775  2.319297E-28
3793.26398923089  2.441284E-28
3794.34101192155  6.051123E-28
3795.41806763526  2.486033E-28
3796.49515632754  3.345796E-28
3797.57227795391  4.950217E-28
3798.64943246992  3.037582E-28
3799.72661983108  4.765762E-28
3800.80383999292  4.835107E-28
3801.88109291097  3.454513E-28
3802.95837854076  6.345999E-28
3804.03569683781  4.085885E-28
3805.11304775765  6.391293E-28
3806.19043125582  5.482286E-28
3807.26784728783  4.270643E-28
3808.34529580922  3.695455E-28
3809.42277677551  3.979926E-28
3810.50029014222  1.928370E-28
3811.5778358649  1.743486E-28
3812.65541389906  3.639793E-28
3813.73302420024  5.466324E-28
3814.81066672395  2.754771E-28
3815.88834142574  2.600395E-28
3816.96604826111  2.078928E-28
3818.04378718561  3.242488E-28
3819.12155815477  1.839064E-28
3820.1993611241  2.681435E-28
3821.27719604913  4.015860E-28
3822.3550628854  2.180454E-28
3823.43296158842  2.283211E-28
3824.51089211374  2.990118E-28
3825.58885441687  2.535267E-28
3826.66684845335  2.104596E-28
3827.74487417869  1.746227E-28
3828.82293154844  3.333998E-28
3829.90102051811  2.571046E-28
3830.97914104323  4.849231E-28
3832.05729307934  1.779386E-28
3833.13547658195  1.597901E-28
3834.2136915066  3.302515E-28
3835.29193780881  3.006407E-28
3836.37021544411  1.735957E-28
3837.44852436803  1.883639E-28
3838.5268645361  2.872053E-28
3839.60523590384  1.305291E-28
3840.68363842679  3.071800E-28
3841.76207206046  2.715408E-28
3842.84053676039  3.061818E-28
3843.9190324821  1.136756E-28
3844.99755918112  1.527868E-28
3846.07611681298  2.571145E-28
3847.15470533321  2.873651E-28
3848.23332469733  3.157087E-28
3849.31197486088  1.171620E-28
3850.39065577937  2.281098E-28
3851.46936740834  1.794508E-28
3852.54810970332  2.225467E-28
3853.62688261982  3.645747E-29
3854.70568611339  1.907965E-28
3855.78452013954  8.154561E-29
3856.86338465381  1.895646E-28
3857.94227961172  1.376914E-28
3859.0212049688  2.579134E-28
3860.10016068057  8.548845E-29
3861.17914670257  5.970668E-29
3862.25816299032  9.597540E-29
3863.33720949936  3.042425E-28
3864.4162861852  2.559666E-28
3865.49539300337  2.237980E-28
3866.57452990941  2.599515E-28
3867.65369685883  -8.067338E-30
3868.73289380718  1.465353E-28
3869.81212070996  1.239523E-28
3870.89137752273  1.866797E-28
3871.97066420099  1.935563E-28
3873.04998070027  1.075554E-28
3874.12932697612  1.308082E-28
3875.20870298404  -3.851649E-29
3876.28810867958  1.122102E-28
3877.36754401826  1.970605E-28
3878.4470089556  2.000610E-28
3879.52650344713  5.586324E-29
3880.60602744838  2.884347E-28
3881.68558091488  1.177341E-28
3882.76516380216  2.824753E-29
3883.84477606574  1.395135E-28
3884.92441766115  2.279934E-28
3886.00408854391  2.840927E-28
3887.08378866957  2.205755E-28
3888.16351799364  3.174520E-28
3889.24327647164  3.102900E-28
3890.32306405912  3.189266E-28
3891.40288071159  -6.361150E-29
3892.48272638458  1.875528E-28
3893.56260103363  4.458981E-28
3894.64250461426  1.161362E-28
3895.72243708199  -9.879744E-29
3896.80239839235  3.112967E-28
3897.88238850087  1.081924E-28
3898.96240736309  1.179635E-28
3900.04245493452  3.572884E-28
3901.12253117069  -8.069024E-29
3902.20263602714  4.918650E-29
3903.28276945938  1.678497E-28
3904.36293142295  1.691097E-28
3905.44312187337  1.149030E-28
3906.52334076618  1.884647E-28
3907.60358805689  1.584581E-28
3908.68386370105  3.325151E-28
3909.76416765416  2.273667E-28
3910.84449987177  2.816234E-28
3911.92486030939  2.047786E-28
3913.00524892256  1.538970E-28
3914.08566566681  1.333530E-28
3915.16611049766  2.295965E-28
3916.24658337064  2.731815E-28
3917.32708424127  1.445196E-28
3918.40761306509  5.015632E-28
3919.48816979762  1.049755E-28
3920.56875439439  2.251046E-28
3921.64936681093  2.598589E-28
3922.73000700276  3.416616E-28
3923.81067492542  2.008873E-28
3924.89137053442  2.834224E-28
3925.9720937853  1.083397E-28
3927.05284463359  2.925845E-28
3928.13362303481  1.894342E-28
3929.21442894449  1.136841E-28
3930.29526231815  1.474265E-28
3931.37612311133  4.783402E-29
3932.45701127956  8.417353E-29
3933.53792677835  1.298406E-28
3934.61886956324  2.439257E-28
3935.69983958976  2.024104E-28
3936.78083681343  2.605810E-28
3937.86186118978  2.204510E-28
3938.94291267433  2.625123E-28
3940.02399122263  1.233976E-28
3941.10509679018  1.258002E-28
3942.18622933253  1.822444E-28
3943.26738880519  1.933507E-28
3944.3485751637  3.221212E-29
3945.42978836358  1.344769E-28
3946.51102836036  1.976956E-28
3947.59229510957  5.404864E-29
3948.67358856674  4.579717E-29
3949.75490868739  1.957255E-28
3950.83625542705  3.464555E-28
3951.91762874125  3.421224E-28
3952.99902858551  1.198447E-28
3954.08045491537  2.825613E-28
3955.16190768635  2.443366E-28
3956.24338685397  4.832099E-28
3957.32489237378  1.112027E-28
3958.40642420129  1.700219E-29
3959.48798229202  8.404665E-29
3960.56956660152  7.852303E-29
3961.6511770853  1.382261E-28
3962.7328136989  1.357973E-28
3963.81447639784  1.848558E-28
3964.89616513764  1.046273E-28
3965.97787987385  1.368094E-28
3967.05962056197  1.584184E-28
3968.14138715755  1.370063E-28
3969.22317961611  8.212381E-29
3970.30499789317  3.775418E-29
3971.38684194427  2.514534E-29
3972.46871172493  2.037999E-28
3973.55060719068  2.116708E-28
3974.63252829704  1.709583E-28
3975.71447499955  2.575865E-28
3976.79644725374  1.737320E-28
3977.87844501512  8.387806E-29
3978.96046823922  1.565788E-28
3980.04251688159  2.213079E-28
3981.12459089773  2.909454E-28
3982.20669024318  1.717785E-28
3983.28881487348  4.167843E-28
3984.37096474413  -9.778365E-30
3985.45313981068  2.318111E-28
3986.53534002865  8.238880E-29
3987.61756535356  -5.496281E-29
3988.69981574095  2.421703E-28
3989.78209114634  -5.841361E-29
3990.86439152526  -1.163173E-29
3991.94671683324  2.651507E-28
3993.02906702581  -7.387116E-29
3994.11144205848  8.928386E-29
3995.1938418868  4.739215E-28
3996.27626646628  -5.589216E-30
3997.35871575246  2.425550E-29
3998.44118970087  -3.114643E-29
3999.52368826702  1.164943E-28
4000.60621140645  8.560475E-29
4001.68875907468  1.550509E-28
4002.77133122725  4.026256E-29
4003.85392781968  2.848744E-28
4004.9365488075  1.171610E-28
4006.01919414623  7.972323E-29
4007.10186379141  1.381696E-28
4008.18455769855  2.416425E-28
4009.2672758232  2.583717E-28
4010.35001812087  1.758363E-28
4011.43278454709  -6.862979E-30
4012.51557505739  1.960995E-28
4013.5983896073  2.005541E-28
4014.68122815235  -5.770935E-29
4015.76409064806  1.139287E-28
4016.84697704997  3.151629E-28
4017.92988731359  3.331799E-29
4019.01282139445  1.578510E-28
4020.09577924809  2.928902E-28
4021.17876083004  1.107112E-28
4022.26176609581  1.138227E-28
4023.34479500093  8.088672E-29
4024.42784750094  3.292429E-28
4025.51092355136  7.113540E-29
4026.59402310772  7.659810E-29
4027.67714612555  3.299634E-29
4028.76029256037  -7.807546E-30
4029.84346236771  1.713664E-28
4030.9266555031  2.926571E-28
4032.00987192207  3.438804E-28
4033.09311158014  6.674538E-29
4034.17637443285  2.940498E-28
4035.25966043571  2.733010E-28
4036.34296954426  3.067195E-28
4037.42630171402  1.692470E-28
4038.50965690053  8.655322E-29
4039.5930350593  1.655017E-28
4040.67643614587  1.394989E-28
4041.75986011577  1.390530E-28
4042.84330692452  2.605187E-28
4043.92677652765  2.104734E-29
4045.01026888068  1.753153E-28
4046.09378393915  -1.247430E-28
4047.17732165858  2.282733E-28
4048.26088199451  2.214401E-28
4049.34446490244  2.445295E-28
4050.42807033793  2.886806E-28
4051.51169825648  2.996980E-28
4052.59534861364  1.279463E-28
4053.67902136492  8.400114E-29
4054.76271646586  1.011544E-28
4055.84643387198  3.141440E-28
4056.93017353881  1.460317E-28
4058.01393542188  2.676423E-28
4059.09771947672  1.834478E-28
4060.18152565884  1.418748E-28
4061.26535392379  2.010771E-28
4062.34920422708  9.464729E-29
4063.43307652425  1.304262E-28
4064.51697077083  2.753646E-28
4065.60088692233  1.868258E-28
4066.68482493429  1.573796E-28
4067.76878476223  -7.420884E-29
4068.8527663617  1.783340E-28
4069.93676968819  2.166975E-28
4071.02079469726  1.003075E-28
4072.10484134443  1.283807E-28
4073.18890958522  1.572901E-28
4074.27299937515  4.234072E-29
4075.35711066977  2.452319E-28
4076.44124342459  -6.493691E-29
4077.52539759515  2.120867E-28
4078.60957313697  1.272913E-28
4079.69377000557  1.420439E-28
4080.77798815649  -4.677146E-29
4081.86222754526  1.672068E-28
4082.94648812739  3.209342E-28
4084.03076985843  2.238819E-28
4085.11507269389  1.290459E-28
4086.1993965893  1.230110E-28
4087.2837415002  1.599529E-28
4088.3681073821  7.074574E-29
4089.45249419055  2.799284E-28
4090.53690188105  1.749675E-28
4091.62133040915  1.405663E-28
4092.70577973036  2.474459E-28
4093.79024980023  1.665689E-28
4094.87474057426  1.752741E-28
4095.959252008  1.328086E-28
4097.04378405697  1.855892E-28
4098.12833667669  2.001154E-28
4099.2129098227  1.910594E-28
4100.29750345052  1.201321E-28
4101.38211751568  6.698136E-29
4102.46675197371  1.554972E-28
4103.55140678013  1.744387E-28
4104.63608189047  -7.103332E-31
4105.72077726026  -2.268145E-29
4106.80549284503  1.841873E-28
4107.89022860031  1.579643E-28
4108.97498448161  4.533905E-29
4110.05976044448  1.580596E-28
4111.14455644443  1.063313E-29
4112.229372437  9.467023E-29
4113.31420837771  2.171088E-28
4114.39906422209  1.422263E-28
4115.48393992567  9.042301E-29
4116.56883544398  -9.211122E-29
4117.65375073253  4.334519E-28
4118.73868574687  1.804691E-28
4119.82364044251  1.337052E-28
4120.90861477499  2.377134E-28
4121.99360869983  1.843646E-28
4123.07862217256  2.670893E-28
4124.16365514871  2.680940E-28
4125.24870758381  2.018094E-28
4126.33377943338  1.901365E-28
4127.41887065294  9.229481E-29
4128.50398119804  2.987785E-29
4129.58911102419  -2.594992E-29
4130.67426008693  1.424729E-28
4131.75942834177  1.086006E-28
4132.84461574425  1.129874E-28
4133.92982224991  5.157039E-29
4135.01504781425  3.544670E-28
4136.10029239281  5.266901E-28
4137.18555594112  6.462974E-29
4138.27083841471  7.528562E-29
4139.3561397691  -1.488088E-29
4140.44145995983  9.687858E-30
4141.5267989424  5.862519E-29
4142.61215667237  2.711275E-28
4143.69753310525  8.071238E-29
4144.78292819657  6.754393E-29
4145.86834190186  1.836694E-28
4146.95377417665  -6.665838E-29
4148.03922497646  1.604622E-28
4149.12469425682  2.032736E-28
4150.21018197326  2.519606E-29
4151.29568808131  2.349182E-28
4152.38121253649  3.255615E-28
4153.46675529433  2.149253E-28
4154.55231631036  2.489543E-28
4155.63789554011  2.604932E-28
4156.7234929391  1.840327E-28
4157.80910846287  1.138413E-28
4158.89474206693  5.699143E-29
4159.98039370682  1.616516E-28
4161.06606333806  1.247593E-28
4162.15175091619  2.229509E-28
4163.23745639672  6.755855E-29
4164.3231797352  1.745217E-28
4165.40892088714  1.955382E-28
4166.49467980806  1.118051E-28
4167.58045645351  1.142060E-28
4168.66625077901  3.127460E-28
4169.75206274008  4.367548E-29
4170.83789229225  2.055816E-28
4171.92373939105  1.260017E-28
4173.00960399201  7.362251E-29
4174.09548605066  -7.509044E-30
4175.18138552251  -3.295169E-29
4176.26730236311  2.535099E-28
4177.35323652797  1.895669E-28
4178.43918797263  2.400369E-28
4179.52515665261  -2.060765E-30
4180.61114252345  1.268389E-28
4181.69714554066  2.381002E-28
4182.78316565977  1.551930E-28
4183.86920283632  1.609229E-28
4184.95525702583  1.483672E-28
4186.04132818382  3.289593E-29
4187.12741626583  1.899116E-28
4188.21352122739  2.979486E-28
4189.29964302401  2.843088E-28
4190.38578161123  1.879334E-28
4191.47193694458  2.392432E-28
4192.55810897958  1.814225E-28
4193.64429767176  1.476002E-28
4194.73050297665  1.260622E-28
4195.81672484978  1.434579E-28
4196.90296324667  2.667539E-28
4197.98921812285  1.968210E-28
4199.07548943384  1.681062E-28
4200.16177713519  7.527329E-29
4201.24808118241  1.112378E-28
4202.33440153102  1.829454E-28
4203.42073813657  9.947855E-29
4204.50709095457  3.050540E-28
4205.59345994056  2.256200E-28
4206.67984505006  2.391791E-28
4207.76624623859  2.090234E-28
4208.8526634617  1.714212E-28
4209.93909667489  2.308467E-28
4211.02554583371  1.685841E-28
4212.11201089368  1.527238E-28
4213.19849181032  1.310828E-28
4214.28498853917  1.273051E-28
4215.37150103575  2.026519E-28
4216.45802925558  1.506902E-28
4217.54457315421  1.012524E-28
4218.63113268715  2.546068E-28
4219.71770780993  2.182367E-28
4220.80429847808  1.463661E-28
4221.89090464712  1.458936E-28
4222.9775262726  2.148089E-28
4224.06416331002  1.058943E-28
4225.15081571492  1.887001E-28
4226.23748344283  1.627547E-28
4227.32416644927  1.710512E-28
4228.41086468978  2.409452E-28
4229.49757811987  2.787742E-28
4230.58430669508  2.248445E-28
4231.67105037094  -2.464383E-29
4232.75780910297  2.797368E-28
4233.8445828467  2.312611E-28
4234.93137155765  2.008915E-28
4236.01817519137  1.035706E-28
4237.10499370336  1.356216E-28
4238.19182704916  2.615406E-28
4239.2786751843  1.466804E-28
4240.36553806431  1.055647E-28
4241.45241564471  3.609961E-28
4242.53930788103  2.227866E-28
4243.62621472879  1.665016E-28
4244.71313614353  1.284942E-28
4245.80007208078  1.523356E-28
4246.88702249605  3.158876E-28
4247.97398734489  6.321775E-29
4249.0609665828  7.253677E-29
4250.14796016533  3.423422E-28
4251.23496804801  1.236929E-28
4252.32199018634  1.349955E-28
4253.40902653588  1.607640E-28
4254.49607705214  2.154371E-28
4255.58314169065  2.287474E-28
4256.67022040693  2.257390E-28
4257.75731315652  1.607616E-29
4258.84441989495  1.417025E-28
4259.93154057774  2.857106E-28
4261.01867516041  1.792716E-28
4262.10582359851  3.301573E-28
4263.19298584754  2.633893E-28
4264.28016186304  1.362402E-28
4265.36735160055  2.544624E-29
4266.45455501558  1.651944E-28
4267.54177206366  1.597303E-28
4268.62900270033  2.452031E-28
4269.7162468811  5.402679E-29
4270.80350456151  1.534034E-28
4271.89077569708  1.759173E-28
4272.97806024335  1.993686E-28
4274.06535815583  2.966528E-28
4275.15266939006  2.707069E-28
4276.23999390157  1.931640E-28
4277.32733164587  2.821198E-28
4278.41468257851  1.644184E-28
4279.502046655  1.454959E-28
4280.58942383088  1.795019E-29
4281.67681406166  2.608642E-28
4282.76421730289  2.938497E-28
4283.85163351008  2.164011E-28
4284.93906263877  1.412032E-28
4286.02650464448  1.188217E-28
4287.11395948274  1.677225E-28
4288.20142710908  1.566244E-28
4289.28890747902  2.000921E-28
4290.37640054809  2.759278E-28
4291.46390627182  2.246313E-30
4292.55142460574  2.614378E-28
4293.63895550538  1.598545E-29
4294.72649892625  2.482645E-28
4295.8140548239  2.074416E-28
4296.90162315384  2.048566E-28
4297.98920387161  2.009585E-28
4299.07679693273  1.827105E-28
4300.16440229274  1.295620E-28
4301.25201990714  1.570618E-28
4302.33964973149  1.487244E-28
4303.42729172129  3.198997E-28
4304.51494583209  2.030481E-28
4305.6026120194  2.711355E-28
4306.69029023876  9.314773E-29
4307.7779804457  1.991849E-28
4308.86568259573  2.187705E-28
4309.95339664439  2.905871E-29
4311.0411225472  1.631951E-28
4312.1288602597  2.829037E-28
4313.21660973741  -7.656278E-30
4314.30437093586  2.488327E-28
4315.39214381057  7.944096E-30
4316.47992831708  8.550014E-29
4317.5677244109  2.091373E-28
4318.65553204758  4.547105E-28
4319.74335118263  2.992438E-28
4320.83118177158  2.233497E-28
4321.91902376997  3.910091E-28
4323.00687713331  2.715648E-28
4324.09474181714  1.918417E-28
4325.18261777698  3.274774E-28
4326.27050496836  1.125570E-28
4327.35840334682  3.326503E-28
4328.44631286786  1.546156E-28
4329.53423348704  4.678698E-29
4330.62216515986  1.941217E-28
4331.71010784186  1.806642E-28
4332.79806148857  5.845666E-30
4333.88602605551  1.193779E-28
4334.97400149821  1.476939E-28
4336.06198777221  1.527748E-28
4337.14998483301  -6.922602E-29
4338.23799263617  3.263346E-28
4339.32601113719  1.522619E-28
4340.41404029161  1.930949E-29
4341.50208005496  -3.955957E-30
4342.59013038277  3.170824E-28
4343.67819123055  2.025468E-28
4344.76626255385  1.945041E-28
4345.85434430818  4.051231E-28
4346.94243644908  2.184618E-28
4348.03053893207  2.536179E-28
4349.11865171267  1.620478E-28
4350.20677474643  1.222123E-28
4351.29490798886  -9.355124E-30
4352.38305139549  6.586838E-29
4353.47120492185  3.846404E-29
4354.55936852347  4.040294E-28
4355.64754215587  -4.941996E-29
4356.73572577458  1.025830E-28
4357.82391933514  8.026223E-29
4358.91212279306  1.768350E-28
4360.00033610388  3.398571E-28
4361.08855922312  7.550839E-29
4362.17679210631  2.646768E-28
4363.26503470897  -3.817158E-29
4364.35328698665  4.385284E-29
4365.44154889485  8.752071E-29
4366.52982038912  1.283009E-28
4367.61810142497  -9.795343E-29
4368.70639195794  1.693658E-28
4369.79469194355  2.342438E-28
4370.88300133733  4.510039E-29
4371.97132009481  3.501857E-28
4373.05964817151  2.609838E-28
4374.14798552297  1.339080E-28
4375.23633210471  -4.665920E-29
4376.32468787225  1.032570E-28
4377.41305278113  -9.484187E-31
4378.50142678688  3.788986E-29
4379.58980984501  3.358287E-28
4380.67820191107  2.363032E-28
4381.76660294056  1.254011E-28
4382.85501288904  -3.254100E-30
4383.94343171201  2.301447E-28
4385.03185936501  2.028502E-28
4386.12029580357  3.867295E-28
4387.20874098321  2.401545E-28
4388.29719485946  1.044923E-28
4389.38565738785  2.704824E-28
4390.47412852391  1.381579E-28
4391.56260822316  1.939656E-28
4392.65109644113  2.696071E-28
4393.73959313336  2.431657E-28
4394.82809825535  1.374397E-28
4395.91661176265  2.086658E-28
4397.00513361079  1.708798E-28
4398.09366375527  1.562183E-28
4399.18220215165  1.193030E-28
4400.27074875544  1.364905E-28
4401.35930352218  1.731556E-28
4402.44786640738  2.214033E-30
4403.53643736658  1.368656E-28
4404.6250163553  2.324790E-28
4405.71360332908  9.065978E-29
4406.80219824343  3.780345E-29
4407.89080105389  4.607936E-29
4408.97941171599  2.823459E-28
4410.06803018525  5.980029E-29
4411.15665641719  2.540352E-28
4412.24529036736  -1.633739E-29
4413.33393199126  2.921287E-29
4414.42258124444  1.084009E-28
4415.51123808242  2.286057E-28
4416.59990246073  3.182935E-28
4417.68857433489  1.106574E-28
4418.77725366044  1.445786E-28
4419.86594039289  1.508151E-28
4420.95463448778  3.825241E-28
4422.04333590064  1.567256E-28
4423.13204458699  2.708281E-28
4424.22076050236  1.757592E-28
4425.30948360227  2.813980E-28
4426.39821384226  2.077849E-28
4427.48695117786  1.534001E-28
4428.57569556458  2.571860E-28
4429.66444695797  4.354190E-28
4430.75320531353  8.146084E-29
4431.84197058681  1.493010E-28
4432.93074273333  2.524212E-28
4434.01952170862  3.264613E-28
4435.10830746821  3.357812E-28
4436.19709996761  4.442671E-29
4437.28589916237  2.946456E-29
4438.374705008  1.047178E-28
4439.46351746005  8.254965E-29
4440.55233647402  7.138070E-29
4441.64116200546  -3.429607E-29
4442.72999400988  1.923178E-28
4443.81883244281  7.123369E-29
4444.9076772598  3.749067E-28
4445.99652841635  1.186971E-28
4447.085385868  2.958154E-28
4448.17424957028  2.531262E-28
4449.26311947871  2.622610E-28
4450.35199554882  -1.221357E-28
4451.44087773614  2.908928E-28
4452.5297659962  3.465121E-28
4453.61866028452  1.991998E-28
4454.70756055663  1.569701E-28
4455.79646676806  2.548123E-28
4456.88537887434  3.775638E-29
4457.97429683099  2.183308E-28
4459.06322059354  2.671836E-30
4460.15215011752  2.886819E-28
4461.24108535846  -9.494748E-29
4462.33002627188  3.255080E-28
4463.41897281331  1.767764E-28
4464.50792493829  2.802814E-28
4465.59688260233  1.213465E-28
4466.68584576096  6.929949E-29
4467.77481436971  2.383549E-29
4468.86378838412  1.651883E-28
4469.9527677597  2.195508E-28
4471.04175245199  5.553411E-29
4472.1307424165  9.909131E-29
4473.21973760878  -1.246429E-28
4474.30873798434  8.492301E-29
4475.39774349872  2.442604E-28
4476.48675410744  1.891382E-28
4477.57576976603  2.387377E-28
4478.66479043002  1.096635E-28
4479.75381605493  2.635926E-28
4480.84284659629  4.581577E-29
4481.93188200964  -7.401249E-29
4483.02092225049  2.159789E-28
4484.10996727438  1.097555E-28
4485.19901703683  2.288203E-28
4486.28807149337  4.579246E-28
4487.37713059952  2.196203E-29
4488.46619431082  2.210985E-28
4489.5552625828  -1.849719E-29
4490.64433537097  3.007451E-28
4491.73341263087  2.643090E-28
4492.82249431803  8.185132E-29
4493.91158038798  1.947027E-28
4495.00067079623  1.304963E-28
4496.08976549831  1.739770E-28
4497.17886444977  -2.092492E-29
4498.26796760611  9.314457E-29
4499.35707492288  2.153992E-28
4500.4461863556  1.120062E-28
4501.53530185979  1.275689E-29
4502.62442139098  2.332501E-28
4503.71354490471  2.536277E-28
4504.80267235649  2.487051E-28
4505.89180370186  1.251301E-28
4506.98093889634  6.150906E-29
4508.07007789547  1.438240E-28
4509.15922065476  4.333572E-28
4510.24836712975  7.361862E-29
4511.33751727596  2.748618E-28
4512.42667104892  1.141237E-28
4513.51582840416  1.201072E-28
4514.60498929721  3.064980E-28
4515.69415368359  2.735567E-28
4516.78332151883  3.644596E-28
4517.87249275846  1.324733E-28
4518.96166735801  2.373734E-28
4520.050845273  1.818793E-28
4521.14002645897  2.054754E-28
4522.22921087143  2.946991E-28
4523.31839846592  2.418940E-28
4524.40758919796  2.023380E-28
4525.49678302308  1.441522E-28
4526.58597989682  -3.667423E-29
4527.67517977468  6.242854E-29
4528.76438261222  3.000143E-28
4529.85358836494  1.135329E-28
4530.94279698839  5.557235E-29
4532.03200843808  1.688112E-28
4533.12122266955  6.258212E-29
4534.21043963832  1.554415E-28
4535.29965929991  1.626275E-28
4536.38888160987  9.008738E-29
4537.47810652371  2.031137E-29
4538.56733399696  1.166261E-28
4539.65656398515  5.114076E-29
4540.74579644381  3.656258E-29
4541.83503132846  8.583423E-29
4542.92426859464  2.942422E-28
4544.01350819786  1.459813E-28
4545.10275009367  8.477396E-29
4546.19199423757  3.353024E-29
4547.28124058511  3.847461E-28
4548.37048909181  2.926013E-28
4549.4597397132  2.252849E-28
4550.5489924048  7.683053E-29
4551.63824712215  2.756952E-28
4552.72750382076  2.389663E-28
4553.81676245618  2.890425E-28
4554.90602298392  1.250174E-28
4555.99528535951  1.472099E-28
4557.08454953848  2.445351E-28
4558.17381547636  1.123480E-28
4559.26308312868  2.481663E-28
4560.35235245095  -1.936283E-31
4561.44162339872  2.912187E-29
4562.53089592751  2.799437E-29
4563.62016999284  1.521410E-28
4564.70944555025  1.258432E-28
4565.79872255525  2.478557E-28
4566.88800096339  1.751441E-28
4567.97728073018  3.200611E-28
4569.06656181115  2.246532E-28
4570.15584416184  1.301513E-28
4571.24512773776  2.040743E-28
4572.33441249445  -2.301891E-29
4573.42369838744  2.223443E-28
4574.51298537224  2.192771E-28
4575.60227340439  1.159101E-28
4576.69156243942  3.157316E-28
4577.78085243285  1.969853E-28
4578.87014334022  4.219519E-28
4579.95943511704  7.293473E-30
4581.04872771885  6.710695E-29
4582.13802110117  1.476850E-28
4583.22731521953  2.149028E-28
4584.31661002947  3.710208E-29
4585.4059054865  3.523993E-29
4586.49520154615  2.056460E-28
4587.58449816396  -2.094965E-29
4588.67379529544  7.752667E-29
4589.76309289613  1.076988E-28
4590.85239092156  2.276417E-28
4591.94168932725  1.907729E-28
4593.03098806872  2.287246E-28
4594.12028710152  1.566405E-28
4595.20958638116  1.389835E-28
4596.29888586316  3.566722E-28
4597.38818550308  2.418164E-28
4598.47748525641  1.735302E-28
4599.5667850787  2.796609E-28
4600.65608492548  2.267069E-28
4601.74538475226  2.692836E-28
4602.83468451458  2.531590E-28
4603.92398416796  4.246034E-29
4605.01328366794  2.188179E-28
4606.10258297004  2.489741E-28
4607.19188202978  1.497632E-28
4608.2811808027  4.463910E-29
4609.37047924432  2.987897E-28
4610.45977731018  2.376263E-28
4611.54907495579  1.049710E-28
4612.63837213668  7.291518E-29
4613.72766880839  7.657604E-29
4614.81696492644  4.836924E-28
4615.90626044635  3.267691E-28
4616.99555532366  1.708880E-28
4618.0848495139  4.982544E-29
4619.17414297258  1.859020E-28
4620.26343565524  2.842552E-28
4621.35272751741  2.321773E-28
4622.44201851461  2.378809E-28
4623.53130860237  4.907829E-29
4624.62059773622  -8.517989E-29
4625.70988587169  1.864223E-28
4626.79917296429  3.000443E-28
4627.88845896957  1.154550E-28
4628.97774384305  2.613622E-28
4630.06702754025  2.982365E-29
4631.15631001671  2.830425E-28
4632.24559122795  1.476536E-28
4633.33487112949  2.141821E-28
4634.42414967687  1.770144E-28
4635.51342682562  3.508133E-28
4636.60270253125  2.484325E-28
4637.69197674931  1.489726E-28
4638.78124943531  1.387359E-28
4639.87052054479  1.970415E-28
4640.95979003326  1.871418E-28
4642.04905785627  -6.451003E-29
4643.13832396933  -8.829664E-30
4644.22758832797  1.528918E-28
4645.31685088773  3.862251E-28
4646.40611160413  7.114930E-29
4647.49537043269  3.141938E-28
4648.58462732895  6.869719E-29
4649.67388224842  1.528706E-28
4650.76313514665  1.640513E-28
4651.85238597915  2.560021E-28
4652.94163470146  1.635176E-28
4654.0308812691  1.701697E-28
4655.1201256376  8.540226E-29
4656.20936776249  1.666376E-28
4657.29860759929  2.364811E-28
4658.38784510353  -7.807426E-29
4659.47708023074  -1.124050E-28
4660.56631293646  2.985338E-28
4661.65554317619  4.019651E-28
4662.74477090547  2.953046E-28
4663.83399607984  2.428324E-28
4664.92321865481  1.142590E-28
4666.01243858592  1.733123E-28
4667.10165582869  1.372401E-28
4668.19087033865  2.641779E-28
4669.28008207133  2.750617E-28
4670.36929098225  3.731497E-28
4671.45849702694  2.851158E-28
4672.54770016094  2.513606E-28
4673.63690033976  1.361398E-28
4674.72609751894  3.002886E-28
4675.815291654  2.143756E-28
4676.90448270047  2.674712E-28
4677.99367061388  5.150409E-29
4679.08285534975  2.160566E-28
4680.17203686362  2.121550E-28
4681.26121511101  1.020924E-28
4682.35039004744  3.749864E-28
4683.43956162845  3.882978E-28
4684.52872980957  4.727612E-29
4685.61789454631  3.737139E-28
4686.70705579421  3.909369E-28
4687.7962135088  1.595613E-28
4688.8853676456  3.549694E-28
4689.97451816014  2.267620E-28
4691.06366500795  1.523398E-28
4692.15280814456  7.024731E-29
4693.24194752549  1.229356E-28
4694.33108310627  3.120750E-28
4695.42021484243  9.513821E-29
4696.50934268949  4.453195E-28
4697.59846660299  2.785772E-28
4698.68758653845  2.020231E-28
4699.7767024514  1.250480E-28
4700.86581429736  1.968324E-28
4701.95492203187  2.090353E-28
4703.04402561045  1.741873E-28
4704.13312498863  3.892530E-28
4705.22222012193  1.989506E-28
4706.31131096589  2.117445E-28
4707.40039747603  2.836420E-28
4708.48947960788  1.718546E-28
4709.57855731697  2.339322E-29
4710.66763055882  3.827336E-28
4711.75669928896  3.494465E-28
4712.84576346292  2.211851E-28
4713.93482303623  1.189036E-28
4715.02387796441  1.094289E-28
4716.11292820299  1.904221E-28
4717.20197370751  1.459787E-28
4718.29101443347  4.559127E-28
4719.38005033643  2.152064E-28
4720.46908137189  1.362048E-28
4721.5581074954  2.819884E-28
4722.64712866247  1.211769E-28
4723.73614482864  3.254412E-28
4724.82515594943  3.922756E-28
4725.91416198037  3.807973E-28
4727.00316287698  1.696809E-28
4728.09215859481  2.285540E-28
4729.18114908936  3.527435E-28
4730.27013431618  2.552558E-28
4731.35911423078  3.629432E-28
4732.44808878869  2.949803E-28
4733.53705794545  3.371779E-28
4734.62602165658  2.196969E-28
4735.71497987761  1.185681E-28
4736.80393256406  4.397740E-28
4737.89287967146  2.351310E-28
4738.98182115535  2.750344E-28
4740.07075697124  2.376196E-28
4741.15968707467  3.403691E-28
4742.24861142116  4.380499E-28
4743.33752996624  3.751196E-28
4744.42644266543  6.179905E-28
4745.51534947428  2.940815E-28
4746.6042503483  4.093246E-28
4747.69314524301  3.678600E-28
4748.78203411396  2.611096E-28
4749.87091691666  3.196763E-28
4750.95979360665  2.798485E-28
4752.04866413944  4.144335E-28
4753.13752847058  1.602609E-28
4754.22638655558  3.828605E-28
4755.31523834997  1.443246E-28
4756.40408380929  1.833471E-28
4757.49292288905  3.679578E-28
4758.58175554479  2.105784E-28
4759.67058173203  3.779062E-28
4760.75940140631  2.715182E-28
4761.84821452314  4.026312E-28
4762.93702103805  2.338813E-28
4764.02582090659  2.596020E-28
4765.11461408426  2.942894E-28
4766.20340052661  3.322436E-28
4767.29218018914  2.003433E-28
4768.38095302741  3.571845E-28
4769.46971899692  1.382887E-28
4770.55847805321  4.000287E-28
4771.64723015181  2.482117E-28
4772.73597524825  3.424459E-28
4773.82471329804  2.317683E-28
4774.91344425673  2.238864E-28
4776.00216807983  4.076190E-28
4777.09088472288  2.806049E-28
4778.17959414139  2.408939E-28
4779.26829629091  1.750484E-28
4780.35699112695  1.773417E-28
4781.44567860505  -8.211707E-29
4782.53435868073  1.687579E-28
4783.62303130952  3.880535E-28
4784.71169644695  9.382613E-29
4785.80035404854  5.094697E-29
4786.88900406983  1.596037E-28
4787.97764646633  3.527295E-28
4789.06628119358  1.744977E-28
4790.15490820711  1.158774E-28
4791.24352746244  1.947000E-28
4792.33213891509  1.061089E-28
4793.42074252061  1.864826E-28
4794.50933823451  4.840219E-28
4795.59792601232  1.905936E-28
4796.68650580958  2.293565E-28
4797.7750775818  1.804097E-28
4798.86364128451  1.515325E-28
4799.95219687325  1.906503E-28
4801.04074430354  1.989290E-28
4802.12928353091  8.105706E-29
4803.21781451088  3.575579E-28
4804.30633719899  2.158834E-28
4805.39485155075  3.128415E-28
4806.48335752171  7.065570E-29
4807.57185506737  2.936608E-28
4808.66034414329  1.675302E-28
4809.74882470497  3.897921E-29
4810.83729670795  2.597811E-28
4811.92576010776  4.195494E-29
4813.01421485992  1.071783E-28
4814.10266091996  2.843025E-28
4815.19109824341  4.808836E-29
4816.27952678579  1.395322E-28
4817.36794650264  3.857061E-29
4818.45635734948  2.016432E-28
4819.54475928184  2.221943E-28
4820.63315225524  2.480387E-30
4821.72153622522  1.399337E-28
4822.8099111473  1.835653E-28
4823.898276977  3.378663E-29
4824.98663366987  3.985498E-28
4826.07498118141  1.804989E-29
4827.16331946717  5.063742E-28
4828.25164848267  2.014754E-28
4829.33996818344  2.621780E-28
4830.42827852499  3.145569E-28
4831.51657946287  3.197608E-28
4832.6048709526  2.721236E-28
4833.69315294971  2.207118E-28
4834.78142540971  -1.849927E-28
4835.86968828815  3.039305E-28
4836.95794154056  3.026005E-28
4838.04618512244  1.679513E-28
4839.13441898934  2.015444E-29
4840.22264309679  4.839441E-29
4841.3108574003  7.791672E-29
4842.39906185541  3.813598E-28
4843.48725641764  -3.183543E-29
4844.57544104253  2.202170E-28
4845.66361568559  3.055859E-28
4846.75178030237  2.563892E-28
4847.83993484837  4.030867E-29
4848.92807927914  2.360318E-28
4850.0162135502  4.567865E-28
4851.10433761708  4.477161E-28
4852.1924514353  5.849133E-29
4853.28055496039  4.391704E-29
4854.36864814789  2.259998E-28
4855.45673095331  1.571402E-28
4856.54480333218  2.423142E-28
4857.63286524004  1.124324E-28
4858.72091663241  1.515023E-28
4859.80895746482  2.511068E-28
4860.89698769279  3.063774E-28
4861.98500727185  3.140775E-28
4863.07301615754  -4.942896E-29
4864.16101430537  6.658518E-29
4865.24900167088  1.673897E-28
4866.33697820959  3.023863E-28
4867.42494387703  2.411810E-28
4868.51289862873  7.595243E-29
4869.60084242021  1.021031E-28
4870.68877520701  8.072201E-29
4871.77669694465  9.642137E-29
4872.86460758866  1.331363E-29
4873.95250709456  3.649390E-28
4875.04039541789  1.318955E-28
4876.12827251416  9.735466E-29
4877.21613833891  1.005932E-28
4878.30399284768  2.719393E-28
4879.39183599597  1.146952E-28
4880.47966773932  -2.506562E-29
4881.56748803327  -1.204294E-28
4882.65529683333  1.953100E-28
4883.74309409503  3.187632E-29
4884.83087977391  1.992161E-28
4885.91865382548  1.771846E-28
4887.00641620528  3.207736E-28
4888.09416686883  -1.197435E-29
4889.18190577167  1.148930E-28
4890.26963286931  1.385013E-28
4891.35734811729  2.796070E-28
4892.44505147113  3.932221E-28
4893.53274288637  2.092791E-28
4894.62042231852  8.054178E-29
4895.70808972312  3.511634E-28
4896.7957450557  1.754668E-28
4897.88338827178  3.244757E-28
4898.97101932688  1.578415E-28
4900.05863817655  7.904079E-29
4901.14624477629  2.272210E-28
4902.23383908165  2.840477E-28
4903.32142104815  3.355747E-28
4904.40899063132  2.367563E-28
4905.49654778668  8.990557E-31
4906.58409246976  3.139250E-28
4907.67162463609  2.498140E-28
4908.7591442412  2.189932E-28
4909.84665124061  1.745679E-28
4910.93414558986  2.475030E-28
4912.02162724446  3.703246E-28
4913.10909615996  1.035868E-28
4914.19655229186  8.763476E-29
4915.28399559571  1.002380E-28
4916.37142602703  4.140895E-28
4917.45884354135  2.515187E-28
4918.54624809419  3.926251E-28
4919.63363964109  1.222069E-28
4920.72101813756  7.624737E-29
4921.80838353914  6.873738E-29
4922.89573580136  1.142386E-28
4923.98307487975  1.893230E-29
4925.07040072981  1.373884E-28
4926.1577133071  1.598343E-28
4927.24501256714  3.410638E-28
4928.33229846544  -6.670995E-29
4929.41957095755  1.580833E-28
4930.50682999899  2.055688E-28
4931.59407554528  2.201581E-28
4932.68130755195  2.343688E-28
4933.76852597454  2.918985E-28
4934.85573076856  2.609913E-28
4935.94292188955  2.500867E-28
4937.03009929303  2.213008E-28
4938.11726293454  4.384653E-28
4939.20441276959  3.950663E-28
4940.29154875371  3.709578E-28
4941.37867084245  3.549172E-28
4942.46577899131  2.700857E-28
4943.55287315583  8.158931E-29
4944.63995329153  3.189460E-28
4945.72701935395  6.126354E-29
4946.81407129861  2.112099E-28
4947.90110908104  2.864180E-28
4948.98813265677  2.721641E-28
4950.07514198132  1.643791E-28
4951.16213701022  1.464905E-28
4952.249117699  -3.651230E-31
4953.33608400319  1.409774E-29
4954.42303587831  3.078459E-28
4955.50997327989  2.512509E-28
4956.59689616346  1.419177E-28
4957.68380448455  2.333931E-28
4958.77069819868  -2.765290E-30
4959.85757726139  1.591013E-28
4960.94444162819  3.825081E-28
4962.03129125462  1.793716E-28
4963.1181260962  1.422606E-28
4964.20494610847  3.348144E-28
4965.29175124694  2.213384E-28
4966.37854146716  1.040666E-28
4967.46531672464  5.607270E-29
4968.5520769749  2.648703E-28
4969.63882217349  1.376516E-28
4970.72555227593  3.380136E-28
4971.81226723774  7.350932E-29
4972.89896701445  4.992539E-28
4973.98565156159  7.166482E-29
4975.07232083469  3.156430E-28
4976.15897478928  4.114093E-28
4977.24561338087  1.988109E-28
4978.33223656501  9.859776E-29
4979.41884429722  2.336910E-28
4980.50543653301  4.105561E-28
4981.59201322794  2.704208E-28
4982.67857433751  2.310871E-28
4983.76511981726  2.080556E-28
4984.85164962272  3.154709E-28
4985.9381637094  2.304525E-28
4987.02466203285  3.679887E-28
4988.11114454859  1.238225E-28
4989.19761121214  1.268582E-28
4990.28406197903  2.034060E-28
4991.3704968048  6.558369E-29
4992.45691564496  1.382269E-28
4993.54331845505  8.813104E-29
4994.62970519059  3.857287E-28
4995.71607580711  9.751083E-29
4996.80243026014  -6.847141E-29
4997.88876850521  1.195704E-28
4998.97509049784  1.985664E-28
5000.06139619356  1.319295E-28
5001.1476855479  2.535239E-28
5002.23395851639  1.856698E-28
5003.32021505454  2.780265E-28
5004.4064551179  3.135173E-28
5005.49267866199  1.107094E-28
5006.57888564233  1.651694E-28
5007.66507601446  7.976557E-29
5008.7512497339  2.543604E-28
5009.83740675618  2.024806E-28
5010.92354703682  3.516337E-28
5012.00967053136  1.524764E-28
5013.09577719532  1.992838E-28
5014.18186698423  1.280028E-28
5015.26793985361  2.825966E-28
5016.353995759  3.768650E-28
5017.44003465592  2.451150E-28
5018.5260564999  2.578539E-28
5019.61206124646  2.647731E-28
5020.69804885114  2.289634E-28
5021.78401926946  7.822928E-29
5022.86997245696  -1.406948E-29
5023.95590836914  2.559034E-28
5025.04182696155  -4.768627E-29
5026.12772818972  8.446481E-29
5027.21361200916  3.704455E-28
5028.29947837541  1.098270E-28
5029.385327244  1.441559E-28
5030.47115857044  -1.765993E-30
5031.55697231028  2.317824E-28
5032.64276841903  1.220982E-28
5033.72854685223  3.745767E-28
5034.8143075654  3.245230E-28
5035.90005051407  2.962412E-28
5036.98577565377  1.668591E-28
5038.07148294002  -7.277943E-29
5039.15717232836  2.579264E-28
5040.24284377431  2.322000E-28
5041.32849723339  1.572483E-28
5042.41413266114  -1.267136E-28
5043.49975001307  9.219956E-30
5044.58534924474  3.141070E-28
5045.67093031164  7.947964E-29
5046.75649316933  -1.104797E-29
5047.84203777331  3.787698E-28
5048.92756407913  2.961376E-28
5050.0130720423  3.234151E-28
5051.09856161836  -1.251131E-28
5052.18403276284  3.755688E-28
5053.26948543125  9.992973E-29
5054.35491957913  1.143637E-28
5055.44033516201  2.394734E-28
5056.52573213541  4.770057E-28
5057.61111045486  1.003614E-28
5058.69647007589  8.457627E-29
5059.78181095402  -2.273481E-29
5060.86713304479  2.050620E-28
5061.95243630372  1.077038E-28
5063.03772068633  1.923598E-28
5064.12298614817  2.212915E-28
5065.20823264474  3.911089E-28
5066.29346013159  1.168168E-28
5067.37866856424  1.686368E-28
5068.46385789821  8.417667E-29
5069.54902808904  4.494144E-28
5070.63417909224  2.703755E-28
5071.71931086336  3.169557E-28
5072.80442335791  2.034556E-28
5073.88951653143  2.184805E-28
5074.97459033944  1.342602E-28
5076.05964473746  2.374731E-28
5077.14467968103  3.308122E-28
5078.22969512568  1.449881E-28
5079.31469102693  1.886577E-28
5080.39966734031  -4.318871E-29
5081.48462402134  2.706342E-28
5082.56956102556  8.235301E-29
5083.65447830849  -1.382675E-28
5084.73937582566  2.724026E-28
5085.82425353259  1.879639E-28
5086.90911138483  2.286809E-28
5087.99394933788  2.417463E-28
5089.07876734728  1.414527E-28
5090.16356536856  3.495604E-28
5091.24834335724  1.716111E-28
5092.33310126886  1.632085E-28
5093.41783905893  1.661098E-28
5094.502556683  6.468000E-29
5095.58725409657  1.900008E-28
5096.67193125519  2.245518E-28
5097.75658811438  2.148357E-28
5098.84122462967  3.278381E-28
5099.92584075658  3.620390E-28
5101.01043645065  3.949245E-28
5102.09501166739  1.957468E-28
5103.17956636234  2.520137E-28
5104.26410049103  -2.335033E-29
5105.34861400898  2.762937E-29
5106.43310687172  1.715044E-28
5107.51757903477  3.229744E-28
5108.60203045368  1.878600E-28
5109.68646108395  7.935628E-29
5110.77087088113  2.929332E-28
5111.85525980073  3.228042E-28
5112.93962779829  2.062459E-28
5114.02397482933  -6.725180E-30
5115.10830084938  8.330572E-29
5116.19260581397  8.406546E-29
5117.27688967863  1.093866E-28
5118.36115239888  3.363389E-29
5119.44539393025  1.101489E-28
5120.52961422827  2.268145E-28
5121.61381324846  1.336756E-28
5122.69799094636  2.319379E-28
5123.78214727748  2.089789E-28
5124.86628219737  2.091812E-28
5125.95039566154  -4.444929E-29
5127.03448762553  -6.722137E-32
5128.11855804485  -7.320276E-29
5129.20260687505  3.008510E-28
5130.28663407164  4.215489E-28
5131.37063959016  1.849812E-28
5132.45462338612  1.514992E-28
5133.53858541507  1.216153E-29
5134.62252563252  -4.994656E-29
5135.70644399401  7.862986E-29
5136.79034045505  2.370442E-28
5137.87421497119  3.537089E-28
5138.95806749794  2.104628E-28
5140.04189799084  1.707383E-28
5141.12570640541  4.981116E-28
5142.20949269717  2.057664E-28
5143.29325682167  2.574416E-28
5144.37699873441  4.220231E-29
5145.46071839094  2.757414E-28
5146.54441574678  3.657588E-28
5147.62809075746  3.712655E-28
5148.7117433785  1.286534E-28
5149.79537356543  8.840422E-29
5150.87898127378  1.143803E-28
5151.96256645908  8.148761E-30
5153.04612907685  1.657025E-28
5154.12966908263  1.166448E-28
5155.21318643194  1.201805E-28
5156.2966810803  2.788518E-28
5157.38015298324  8.955787E-29
5158.4636020963  1.005131E-28
5159.547028375  1.734944E-28
5160.63043177487  1.099632E-28
5161.71381225143  2.218200E-28
5162.79716976021  2.247262E-28
5163.88050425675  1.116144E-28
5164.96381569656  -4.497002E-29
5166.04710403517  1.754700E-29
5167.13036922812  2.263798E-28
5168.21361123093  1.643930E-28
5169.29682999913  2.083405E-28
5170.38002548824  2.714813E-28
5171.4631976538  3.634643E-28
5172.54634645132  -4.469535E-29
5173.62947183634  2.135901E-28
5174.71257376439  2.492978E-28
5175.79565219099  1.635859E-28
5176.87870707168  5.708422E-29
5177.96173836197  1.070457E-28
5179.04474601739  -8.115527E-29
5180.12772999348  3.157326E-28
5181.21069024576  1.171946E-28
5182.29362672976  1.415170E-28
5183.376539401  3.127957E-28
5184.45942821502  1.417880E-28
5185.54229312734  9.436106E-29
5186.62513409349  4.033409E-28
5187.70795106899  -1.132578E-28
5188.79074400937  1.310069E-28
5189.87351287017  1.909596E-28
5190.95625760691  3.569064E-29
5192.03897817511  3.187942E-28
5193.12167453031  2.867922E-29
5194.20434662802  3.682145E-29
5195.28699442379  1.615328E-28
5196.36961787313  4.293836E-28
5197.45221693157  1.878822E-28
5198.53479155465  1.795106E-28
5199.61734169789  3.868080E-29
5200.69986731681  1.618107E-28
5201.78236836695  2.293544E-28
5202.86484480382  1.576868E-28
5203.94729658297  6.393495E-29
5205.02972365992  5.137052E-28
5206.11212599018  8.680740E-29
5207.19450352931  3.407522E-28
5208.2768562328  1.662340E-28
5209.35918405621  4.259450E-29
5210.44148695505  2.591395E-29
5211.52376488485  1.534639E-28
5212.60601780114  4.130338E-28
5213.68824565945  2.279367E-28
5214.77044841531  2.924963E-28
5215.85262602423  -1.930858E-28
5216.93477844176  1.655250E-28
5218.01690562341  2.567966E-28
5219.09900752472  3.015924E-28
5220.18108410121  2.913910E-29
5221.26313530841  2.902422E-29
5222.34516110185  2.857911E-28
5223.42716143705  3.018144E-28
5224.50913626954  1.486863E-28
5225.59108555486  4.361843E-29
5226.67300924852  9.215176E-29
5227.75490730606  3.041743E-28
5228.836779683  4.210739E-28
5229.91862633486  1.059244E-28
5231.00044721719  -1.276986E-28
5232.08224228551  2.515815E-28
5233.16401149533  3.665862E-28
5234.2457548022  -6.922729E-29
5235.32747216163  3.239285E-28
5236.40916352916  1.599606E-28
5237.49082886031  2.170045E-28
5238.57246811062  2.738055E-28
5239.6540812356  1.446185E-28
5240.73566819079  1.051519E-28
5241.8172289317  1.950203E-28
5242.89876341389  1.046308E-28
5243.98027159285  2.463526E-28
5245.06175342414  -1.207863E-28
5246.14320886327  5.303583E-29
5247.22463786577  2.868854E-28
5248.30604038716  6.631000E-29
5249.38741638299  2.208598E-28
5250.46876580876  3.138486E-28
5251.55008862002  4.528422E-28
5252.63138477229  1.401272E-28
5253.71265422109  -3.721386E-29
5254.79389692196  -1.522253E-28
5255.87511283042  2.885335E-28
5256.95630190199  1.369140E-28
5258.03746409222  2.200477E-28
5259.11859935661  9.335850E-29
5260.19970765071  2.485921E-28
5261.28078893004  2.346502E-28
5262.36184315012  -1.178452E-28
5263.44287026649  1.217763E-28
5264.52387023467  -1.102613E-29
5265.60484301019  3.918895E-29
5266.68578854857  2.083110E-28
5267.76670680535  1.478224E-28
5268.84759773605  3.833082E-28
5269.9284612962  -3.754219E-30
5271.00929744133  2.408580E-28
5272.09010612696  3.032939E-29
5273.17088730863  1.557458E-28
5274.25164094185  1.746735E-28
5275.33236698216  2.257104E-28
5276.41306538509  5.993527E-29
5277.49373610615  3.540019E-28
5278.57437910089  2.748060E-28
5279.65499432482  1.560732E-28
5280.73558173348  1.963477E-28
5281.81614128239  1.958022E-28
5282.89667292709  8.572578E-29
5283.97717662308  -4.634063E-29
5285.05765232592  8.659546E-29
5286.13809999111  1.516501E-28
5287.2185195742  2.621614E-28
5288.2989110307  3.494003E-28
5289.37927431615  2.611582E-28
5290.45960938607  1.474702E-28
5291.53991619599  5.603570E-29
5292.62019470144  1.014796E-28
5293.70044485795  2.489536E-28
5294.78066662103  5.445178E-28
5295.86085994623  -4.636524E-29
5296.94102478907  3.353386E-28
5298.02116110507  1.893935E-28
5299.10126884976  2.616312E-28
5300.18134797868  2.711266E-28
5301.26139844734  1.073713E-28
5302.34142021128  1.509681E-28
5303.42141322602  1.791340E-28
5304.50137744709  5.236146E-28
5305.58131283002  -1.739850E-30
5306.66121933034  2.974471E-28
5307.74109690357  3.139664E-28
5308.82094550524  1.729034E-28
5309.90076509088  8.256070E-29
5310.98055561601  1.227092E-28
5312.06031703617  3.868809E-28
5313.14004930688  1.445313E-28
5314.21975238367  2.466076E-28
5315.29942622207  2.510264E-28
5316.3790707776  -4.800348E-29
5317.45868600579  8.798893E-30
5318.53827186216  1.992042E-28
5319.61782830226  2.021408E-28
5320.6973552816  7.073093E-28
5321.77685275571  1.789929E-28
5322.85632068012  3.867199E-28
5323.93575901035  1.111077E-28
5325.01516770194  3.226598E-28
5326.09454671041  -1.139949E-29
5327.1738959913  1.853202E-28
5328.25321550011  2.781607E-28
5329.33250519239  1.459516E-28
5330.41176502367  3.826094E-28
5331.49099494946  2.909531E-29
5332.5701949253  4.543659E-28
5333.64936490671  3.677124E-28
5334.72850484923  3.596056E-28
5335.80761470838  2.412589E-28
5336.88669443968  3.841369E-28
5337.96574399867  1.044487E-28
5339.04476334086  1.356548E-28
5340.1237524218  1.214585E-28
5341.20271119701  3.009966E-28
5342.28163962201  1.252223E-29
5343.36053765234  9.964790E-29
5344.43940524351  -8.123751E-29
5345.51824235106  3.092013E-28
5346.59704893051  6.539239E-29
5347.6758249374  1.724577E-28
5348.75457032725  1.208261E-28
5349.83328505559  5.147895E-29
5350.91196907794  3.563354E-28
5351.99062234983  1.238813E-28
5353.0692448268  -1.828194E-28
5354.14783646436  5.015595E-29
5355.22639721805  1.295928E-28
5356.30492704339  6.035798E-28
5357.3834258959  1.318106E-28
5358.46189373113  1.961308E-28
5359.5403305046  1.892282E-28
5360.61873617182  1.162097E-28
5361.69711068834  4.431358E-29
5362.77545400968  1.123233E-28
5363.85376609136  2.967814E-28
5364.93204688891  2.308631E-28
5366.01029635787  1.421311E-28
5367.08851445375  3.674090E-28
5368.16670113209  -2.039932E-29
5369.24485634841  1.779387E-28
5370.32298005825  4.359710E-28
5371.40107221712  3.583971E-28
5372.47913278056  2.947924E-30
5373.55716170409  3.864494E-28
5374.63515894324  3.720274E-28
5375.71312445354  1.862754E-28
5376.79105819052  5.085692E-29
5377.8689601097  -7.789310E-29
5378.94683016661  1.999571E-28
5380.02466831679  -7.831630E-29
5381.10247451574  -7.403092E-30
5382.18024871901  2.168972E-28
5383.25799088213  1.521284E-28
5384.33570096061  1.692185E-28
5385.41337890999  1.569426E-28
5386.49102468579  2.739872E-28
5387.56863824355  2.319694E-28
5388.64621953878  -9.485397E-29
5389.72376852702  4.802811E-28
5390.80128516379  1.462223E-28
5391.87876940463  -1.938911E-28
5392.95622120506  4.187660E-28
5394.0336405206  -6.358523E-29
5395.11102730679  -2.711864E-29
5396.18838151914  3.284527E-28
5397.2657031132  2.323787E-28
5398.34299204449  3.491737E-29
5399.42024826853  1.248536E-28
5400.49747174085  4.212008E-28
5401.57466241698  1.023575E-28
5402.65182025245  6.062738E-29
5403.72894520279  2.496593E-28
5404.80603722351  8.281963E-29
5405.88309627016  1.523175E-28
5406.96012229826  1.358676E-28
5408.03711526332  6.204392E-29
5409.1140751209  -1.895920E-28
5410.1910018265  1.538684E-28
5411.26789533566  -2.456101E-28
5412.3447556039  1.843265E-28
5413.42158258676  1.258251E-28
5414.49837623975  2.177329E-28
5415.57513651842  1.367123E-28
5416.65186337828  4.749624E-28
5417.72855677486  6.757041E-29
5418.8052166637  1.825037E-28
5419.88184300031  1.812362E-28
5420.95843574023  2.116820E-28
5422.03499483898  3.659356E-28
5423.11152025209  2.123147E-28
5424.18801193509  1.044157E-28
5425.2644698435  1.086390E-28
5426.34089393286  4.298364E-28
5427.41728415869  1.854917E-28
5428.49364047651  3.014032E-28
5429.56996284187  5.418737E-28
5430.64625121027  -1.875054E-29
5431.72250553726  3.624829E-29
5432.79872577836  -3.567028E-29
5433.87491188909  2.915181E-28
5434.95106382498  2.440133E-28
5436.02718154157  4.138756E-29
5437.10326499437  1.107767E-29
5438.17931413892  2.121226E-28
5439.25532893075  3.093789E-28
5440.33130932538  2.840560E-28
5441.40725527833  2.751650E-28
5442.48316674514  4.012878E-28
5443.55904368134  5.987043E-28
5444.63488604244  -1.324007E-28
5445.71069378399  7.047813E-29
5446.7864668615  -2.465027E-28
5447.86220523051  1.667548E-29
5448.93790884654  -2.292012E-28
5450.01357766512  -2.915295E-28
5451.08921164177  4.388260E-29
5452.16481073203  -1.760660E-28
5453.24037489142  3.076935E-28
5454.31590407547  3.252770E-28
5455.39139823971  3.496464E-28
5456.46685733966  2.523330E-28
5457.54228133085  6.690092E-28
5458.61767016881  5.081055E-28
5459.69302380907  4.049970E-28
5460.76834220716  9.445638E-28
5461.84362531859  4.949425E-28
5462.91887309891  5.767609E-28
5463.99408550363  2.919313E-28
5465.06926248829  2.098280E-28
5466.14440400841  1.744755E-28
5467.21951001952  2.630080E-28
5468.29458047715  1.911872E-28
5469.36961533682  -8.574259E-29
5470.44461455407  4.194470E-28
5471.51957808442  -3.334858E-29
5472.59450588339  -1.313919E-28
5473.66939790652  3.342397E-28
5474.74425410933  4.859880E-28
5475.81907444735  -6.211100E-29
5476.89385887611  1.506925E-28
5477.96860735113  -9.893271E-29
5479.04331982795  7.799583E-29
5480.11799626209  -1.237849E-28
5481.19263660907  -1.991117E-29
5482.26724082444  -1.709869E-28
5483.3418088637  1.540323E-28
5484.4163406824  1.413524E-28
5485.49083623605  -2.257457E-28
5486.56529548019  6.486493E-28
5487.63971837034  2.143797E-28
5488.71410486203  1.187575E-28
5489.78845491079  1.055761E-28
5490.86276847215  3.634581E-28
5491.93704550163  8.598205E-28
5493.01128595476  2.663036E-28
5494.08548978707  1.337806E-28
5495.15965695409  -2.268492E-30
5496.23378741134  9.233361E-29
5497.30788111435  3.834235E-28
5498.38193801865  4.216989E-28
5499.45595807977  -4.376789E-29
5500.52994125322  -7.586888E-29
