wavelength        flux_density
3199.30539694193  3.089313E-28
3200.35733827933  2.564443E-28
3201.40933772373  2.371468E-28
3202.46139522985  3.062099E-28
3203.51351075242  9.964284E-28
3204.56568424614  6.312483E-28
3205.61791566573  2.993755E-28
3206.67020496593  2.627179E-28
3207.72255210144  4.978542E-28
3208.77495702698  5.186859E-28
3209.82741969728  2.578452E-28
3210.87994006705  1.154376E-28
3211.93251809102  2.782791E-28
3212.98515372389  4.097353E-28
3214.0378469204  6.005114E-28
3215.09059763525  3.516087E-28
3216.14340582317  5.020636E-28
3217.19627143888  1.772587E-28
3218.2491944371  5.475010E-28
3219.30217477254  2.112246E-28
3220.35521239993  2.099678E-28
3221.40830727397  4.166014E-28
3222.46145934941  4.172180E-28
3223.51466858094  4.580551E-28
3224.56793492329  3.650398E-28
3225.62125833118  2.499125E-28
3226.67463875933  4.565936E-28
3227.72807616246  -2.422986E-29
3228.78157049529  5.479732E-28
3229.83512171253  3.991712E-28
3230.88872976891  3.468116E-28
3231.94239461914  3.481162E-28
3232.99611621794  1.119920E-28
3234.04989452003  3.436278E-28
3235.10372948014  -1.044490E-28
3236.15762105298  1.428820E-28
3237.21156919326  1.822963E-28
3238.26557385572  6.993915E-29
3239.31963499506  5.904229E-28
3240.373752566  2.727417E-28
3241.42792652328  4.557933E-28
3242.48215682159  3.468920E-28
3243.53644341567  2.709795E-28
3244.59078626024  2.259812E-28
3245.64518531  6.649935E-28
3246.69964051969  1.750489E-28
3247.75415184401  6.213012E-28
3248.80871923769  4.930519E-28
3249.86334265545  1.972634E-28
3250.91802205201  5.305749E-28
3251.97275738209  6.748675E-28
3253.0275486004  4.155028E-28
3254.08239566166  5.664743E-28
3255.13729852059  4.113062E-28
3256.19225713192  2.495508E-28
3257.24727145036  5.110769E-28
3258.30234143063  8.548188E-28
3259.35746702745  3.331514E-28
3260.41264819553  2.998621E-28
3261.46788488961  4.721692E-28
3262.52317706439  5.815208E-28
3263.5785246746  3.133209E-28
3264.63392767495  4.892916E-28
3265.68938602016  3.696605E-28
3266.74489966496  5.924792E-28
3267.80046856405  4.580313E-28
3268.85609267217  3.172413E-28
3269.91177194403  5.823637E-28
3270.96750633435  3.272291E-28
3272.02329579784  1.177013E-28
3273.07914028923  2.792105E-28
3274.13503976324  2.951292E-28
3275.19099417459  3.568484E-28
3276.24700347798  3.270970E-28
3277.30306762815  2.520164E-28
3278.35918657982  4.870031E-28
3279.41536028769  2.431903E-28
3280.47158870649  4.530754E-28
3281.52787179094  1.226683E-28
3282.58420949577  1.214123E-30
3283.64060177567  4.519416E-28
3284.69704858539  1.288653E-28
3285.75354987963  1.345998E-28
3286.81010561312  2.312917E-28
3287.86671574056  3.561882E-29
3288.9233802167  2.785243E-28
3289.98009899623  2.143285E-28
3291.03687203388  5.984942E-29
3292.09369928438  1.216643E-28
3293.15058070243  3.218204E-28
3294.20751624276  4.636272E-28
3295.26450586009  2.611273E-28
3296.32154950913  4.802352E-28
3297.37864714461  8.081541E-28
3298.43579872124  4.660241E-28
3299.49300419375  5.154855E-28
3300.55026351685  4.147308E-28
3301.60757664525  6.597362E-28
3302.66494353369  2.825368E-28
3303.72236413688  2.656638E-28
3304.77983840954  3.097391E-28
3305.83736630638  3.384467E-28
3306.89494778214  2.778764E-28
3307.95258279151  1.999566E-28
3309.01027128924  3.562049E-29
3310.06801323002  4.164083E-28
3311.12580856859  5.971631E-28
3312.18365725966  3.899091E-28
3313.24155925795  2.790456E-28
3314.29951451818  3.482848E-28
3315.35752299507  3.468740E-28
3316.41558464334  5.005990E-28
3317.4736994177  3.427284E-28
3318.53186727288  6.587802E-28
3319.5900881636  4.504355E-28
3320.64836204457  5.584142E-28
3321.70668887051  3.286506E-28
3322.76506859615  4.781695E-28
3323.82350117619  7.416143E-28
3324.88198656537  3.501761E-28
3325.9405247184  2.722304E-28
3326.99911558999  2.604355E-28
3328.05775913487  4.341979E-28
3329.11645530776  4.401255E-28
3330.17520406338  4.244330E-28
3331.23400535644  5.342653E-28
3332.29285914166  5.112448E-28
3333.35176537377  5.043652E-28
3334.41072400747  3.802673E-28
3335.4697349975  5.006164E-28
3336.52879829857  2.400072E-28
3337.5879138654  4.003965E-28
3338.64708165271  3.376335E-28
3339.70630161521  3.746553E-28
3340.76557370763  3.682888E-28
3341.82489788468  2.638169E-28
3342.88427410109  3.160476E-28
3343.94370231157  4.390149E-28
3345.00318247085  2.975215E-28
3346.06271453363  3.454997E-28
3347.12229845465  2.462556E-28
3348.18193418862  3.401057E-28
3349.24162169025  2.256979E-28
3350.30136091427  2.764016E-28
3351.3611518154  3.186849E-28
3352.42099434835  4.512009E-28
3353.48088846785  3.166151E-28
3354.54083412862  2.074039E-28
3355.60083128536  3.054984E-28
3356.66087989281  4.489217E-28
3357.72097990568  3.975168E-28
3358.78113127869  3.284724E-28
3359.84133396655  2.684906E-28
3360.901587924  3.674711E-28
3361.96189310574  4.398712E-28
3363.0222494665  4.658023E-28
3364.082656961  4.956038E-28
3365.14311554395  4.376680E-28
3366.20362517007  3.165324E-28
3367.26418579408  4.922714E-28
3368.32479737071  4.036428E-28
3369.38545985467  3.568741E-28
3370.44617320067  3.997569E-28
3371.50693736345  3.271008E-28
3372.56775229771  6.202074E-28
3373.62861795818  3.512322E-28
3374.68953429958  2.674096E-28
3375.75050127662  5.367398E-28
3376.81151884402  2.713643E-28
3377.87258695651  5.237986E-28
3378.93370556879  2.033880E-28
3379.9948746356  2.278693E-28
3381.05609411166  3.978858E-28
3382.11736395166  4.152143E-28
3383.17868411035  3.291889E-28
3384.24005454244  2.850816E-28
3385.30147520264  2.828860E-28
3386.36294604567  2.592199E-28
3387.42446702626  1.588218E-28
3388.48603809913  2.027333E-28
3389.54765921898  2.085343E-28
3390.60933034055  2.012428E-28
3391.67105141855  4.527199E-28
3392.7328224077  3.283686E-28
3393.79464326272  5.305495E-28
3394.85651393832  2.985912E-28
3395.91843438923  4.207583E-28
3396.98040457017  1.907847E-28
3398.04242443586  2.146532E-28
3399.104493941  1.856654E-28
3400.16661304033  2.194294E-28
3401.22878168856  2.194845E-28
3402.29099984042  2.626297E-28
3403.35326745061  1.547178E-28
3404.41558447386  3.431534E-28
3405.47795086489  2.936907E-28
3406.54036657842  2.934802E-28
3407.60283156916  2.671793E-28
3408.66534579184  2.804414E-28
3409.72790920118  1.496483E-28
3410.79052175188  1.976358E-28
3411.85318339869  2.729519E-28
3412.9158940963  3.323513E-28
3413.97865379944  4.115600E-28
3415.04146246283  2.315160E-28
3416.10432004119  3.967491E-28
3417.16722648924  3.360334E-28
3418.2301817617  3.372332E-28
3419.29318581328  4.592197E-28
3420.35623859871  3.242130E-28
3421.4193400727  3.965732E-28
3422.48249018997  4.404553E-28
3423.54568890525  4.358391E-28
3424.60893617324  4.013476E-28
3425.67223194868  4.433314E-28
3426.73557618628  4.494847E-28
3427.79896884075  2.781484E-28
3428.86240986683  4.750275E-28
3429.92589921921  5.378776E-28
3430.98943685264  4.314580E-28
3432.05302272182  4.367718E-28
3433.11665678147  3.516831E-28
3434.18033898632  5.368268E-28
3435.24406929107  4.812399E-28
3436.30784765046  3.973986E-28
3437.3716740192  4.366668E-28
3438.435548352  4.952047E-28
3439.4994706036  4.725749E-28
3440.5634407287  3.999125E-28
3441.62745868203  3.649233E-28
3442.6915244183  5.456758E-28
3443.75563789224  3.461849E-28
3444.81979905856  3.421878E-28
3445.88400787198  3.696611E-28
3446.94826428722  4.549617E-28
3448.012568259  3.287231E-28
3449.07691974205  2.707545E-28
3450.14131869107  6.883641E-29
3451.20576506079  1.024432E-28
3452.27025880592  2.358163E-28
3453.33479988119  2.605072E-28
3454.39938824132  3.452504E-28
3455.46402384102  4.659362E-28
3456.52870663501  3.742529E-28
3457.59343657801  4.270801E-28
3458.65821362475  4.799041E-28
3459.72303772993  3.729815E-28
3460.78790884828  3.465245E-28
3461.85282693453  5.465039E-28
3462.91779194337  3.865290E-28
3463.98280382955  3.558433E-28
3465.04786254777  2.823628E-28
3466.11296805275  2.815443E-28
3467.17812029922  2.544215E-28
3468.24331924189  2.802302E-28
3469.30856483548  3.667833E-28
3470.37385703471  2.880045E-28
3471.4391957943  2.715617E-28
3472.50458106897  5.115777E-28
3473.57001281343  4.391439E-28
3474.63549098242  2.838825E-28
3475.70101553064  3.548163E-28
3476.76658641281  3.101870E-28
3477.83220358366  4.265434E-28
3478.8978669979  3.881526E-28
3479.96357661025  3.833811E-28
3481.02933237543  4.446621E-28
3482.09513424816  5.226606E-28
3483.16098218316  4.520577E-28
3484.22687613515  3.683807E-28
3485.29281605885  4.845061E-28
3486.35880190897  4.304754E-28
3487.42483364024  4.686381E-28
3488.49091120737  4.357348E-28
3489.55703456509  3.795921E-28
3490.62320366811  2.110502E-28
3491.68941847115  2.726214E-28
3492.75567892893  2.845485E-28
3493.82198499617  2.552222E-28
3494.88833662758  3.708592E-28
3495.9547337779  5.454263E-28
3497.02117640183  4.817005E-28
3498.0876644541  4.042517E-28
3499.15419788942  3.108834E-28
3500.22077666252  3.034238E-28
3501.28740072811  3.556708E-28
3502.35407004091  3.919265E-28
3503.42078455564  5.306669E-28
3504.48754422703  4.994154E-28
3505.55434900978  3.956033E-28
3506.62119885862  3.362461E-28
3507.68809372826  3.123900E-28
3508.75503357344  3.178607E-28
3509.82201834885  2.502201E-28
3510.88904800924  3.025242E-28
3511.9561225093  3.377539E-28
3513.02324180377  3.821977E-28
3514.09040584736  4.114855E-28
3515.15761459479  3.982735E-28
3516.22486800078  4.925501E-28
3517.29216602005  3.362656E-28
3518.35950860732  3.548698E-28
3519.4268957173  4.376087E-28
3520.49432730472  3.060526E-28
3521.56180332429  3.615574E-28
3522.62932373074  3.768189E-28
3523.69688847878  4.112823E-28
3524.76449752313  4.006449E-28
3525.83215081852  3.385118E-28
3526.89984831965  3.855897E-28
3527.96758998125  3.363618E-28
3529.03537575805  3.016349E-28
3530.10320560474  2.420069E-28
3531.17107947607  1.639931E-28
3532.23899732674  3.006510E-28
3533.30695911148  3.433213E-28
3534.37496478499  4.037450E-28
3535.44301430201  4.048060E-28
3536.51110761725  3.697681E-28
3537.57924468544  3.440425E-28
3538.64742546128  3.302929E-28
3539.7156498995  3.451911E-28
3540.78391795482  3.073212E-28
3541.85222958196  2.832137E-28
3542.92058473563  3.343813E-28
3543.98898337055  2.625274E-28
3545.05742544145  2.305123E-28
3546.12591090305  2.045900E-28
3547.19443971005  3.565176E-28
3548.26301181719  3.336525E-28
3549.33162717917  4.716962E-28
3550.40028575073  3.659364E-28
3551.46898748657  3.341643E-28
3552.53773234143  3.696686E-28
3553.60652027  2.591359E-28
3554.67535122703  3.725017E-28
3555.74422516722  5.779177E-28
3556.81314204529  4.679255E-28
3557.88210181596  4.674811E-28
3558.95110443396  5.606354E-28
3560.02014985399  5.645587E-28
3561.08923803079  4.929991E-28
3562.15836891906  4.838314E-28
3563.22754247354  5.559296E-28
3564.29675864893  5.959392E-28
3565.36601739995  4.571971E-28
3566.43531868133  4.261800E-28
3567.50466244779  3.913805E-28
3568.57404865403  3.677101E-28
3569.64347725479  4.621353E-28
3570.71294820478  4.728874E-28
3571.78246145873  4.359254E-28
3572.85201697133  5.490314E-28
3573.92161469733  5.196823E-28
3574.99125459144  4.659064E-28
3576.06093660837  5.353870E-28
3577.13066070285  5.094295E-28
3578.20042682959  4.048086E-28
3579.27023494332  5.424545E-28
3580.34008499875  4.582854E-28
3581.4099769506  5.658098E-28
3582.47991075359  4.421177E-28
3583.54988636244  5.616134E-28
3584.61990373187  5.358391E-28
3585.6899628166  4.674344E-28
3586.76006357134  5.243106E-28
3587.83020595083  4.724011E-28
3588.90038990976  4.126772E-28
3589.97061540287  3.699460E-28
3591.04088238488  4.919019E-28
3592.11119081049  3.632290E-28
3593.18154063444  5.098055E-28
3594.25193181144  5.888737E-28
3595.3223642962  4.068127E-28
3596.39283804346  4.335162E-28
3597.46335300792  5.598777E-28
3598.53390914431  5.424513E-28
3599.60450640734  4.370689E-28
3600.67514475174  4.592341E-28
3601.74582413222  3.803021E-28
3602.81654450351  5.107362E-28
3603.88730582032  4.110309E-28
3604.95810803736  5.158047E-28
3606.02895110937  4.507513E-28
3607.09983499106  3.860854E-28
3608.17075963714  4.367690E-28
3609.24172500235  5.195742E-28
3610.31273104138  4.292146E-28
3611.38377770898  4.256606E-28
3612.45486495985  3.084903E-28
3613.52599274871  4.379483E-28
3614.59716103028  3.711807E-28
3615.66836975928  3.519052E-28
3616.73961889044  4.734221E-28
3617.81090837846  5.051212E-28
3618.88223817807  5.332138E-28
3619.95360824399  5.666855E-28
3621.02501853094  6.203362E-28
3622.09646899363  5.030806E-28
3623.16795958679  4.682861E-28
3624.23949026513  4.416190E-28
3625.31106098337  4.270867E-28
3626.38267169624  4.414841E-28
3627.45432235844  5.152450E-28
3628.52601292471  4.818344E-28
3629.59774334976  4.464765E-28
3630.6695135883  5.108897E-28
3631.74132359506  5.653025E-28
3632.81317332476  5.609771E-28
3633.88506273211  5.486683E-28
3634.95699177184  5.576281E-28
3636.02896039865  5.706535E-28
3637.10096856729  6.850221E-28
3638.17301623245  6.871766E-28
3639.24510334886  6.593518E-28
3640.31722987125  4.973391E-28
3641.38939575432  5.252468E-28
3642.4616009528  5.991567E-28
3643.5338454214  5.317396E-28
3644.60612911485  5.271122E-28
3645.67845198787  6.334109E-28
3646.75081399517  5.500636E-28
3647.82321509147  4.863357E-28
3648.8956552315  7.016069E-28
3649.96813436997  6.153119E-28
3651.04065246159  5.407891E-28
3652.1132094611  4.777003E-28
3653.1858053232  3.615935E-28
3654.25844000262  4.753586E-28
3655.33111345408  6.049956E-28
3656.40382563229  5.894384E-28
3657.47657649198  5.987123E-28
3658.54936598786  3.635109E-28
3659.62219407465  4.850382E-28
3660.69506070707  6.373957E-28
3661.76796583985  6.708544E-28
3662.84090942769  5.864828E-28
3663.91389142532  7.453367E-28
3664.98691178746  6.213496E-28
3666.05997046883  6.513036E-28
3667.13306742414  5.826955E-28
3668.20620260812  5.363570E-28
3669.27937597548  5.643614E-28
3670.35258748094  5.849252E-28
3671.42583707923  5.968103E-28
3672.49912472506  5.701451E-28
3673.57245037315  5.658665E-28
3674.64581397821  5.943922E-28
3675.71921549498  5.599376E-28
3676.79265487816  7.559812E-28
3677.86613208248  7.135673E-28
3678.93964706265  7.424511E-28
3680.0131997734  6.192974E-28
3681.08679016944  4.478137E-28
3682.16041820549  2.927976E-28
3683.23408383628  3.992731E-28
3684.30778701652  5.552280E-28
3685.38152770092  6.841735E-28
3686.45530584422  7.300915E-28
3687.52912140112  6.518613E-28
3688.60297432635  8.347213E-28
3689.67686457462  7.770496E-28
3690.75079210066  7.771006E-28
3691.82475685919  6.858652E-28
3692.89875880491  7.787132E-28
3693.97279789256  8.276461E-28
3695.04687407685  7.522063E-28
3696.1209873125  8.187532E-28
3697.19513755423  7.727571E-28
3698.26932475676  8.396245E-28
3699.34354887481  8.078771E-28
3700.41780986309  6.738875E-28
3701.49210767632  6.695648E-28
3702.56644226924  5.966000E-28
3703.64081359654  6.983005E-28
3704.71522161296  6.886998E-28
3705.78966627321  5.722322E-28
3706.86414753201  7.542889E-28
3707.93866534408  8.022413E-28
3709.01321966414  9.220328E-28
3710.0878104469  1.032098E-27
3711.16243764709  1.049856E-27
3712.23710121943  1.081269E-27
3713.31180111864  1.025569E-27
3714.38653729943  1.047914E-27
3715.46130971652  1.024255E-27
3716.53611832463  1.021908E-27
3717.61096307848  1.091871E-27
3718.6858439328  1.260031E-27
3719.76076084229  1.266117E-27
3720.83571376169  1.275043E-27
3721.9107026457  1.281310E-27
3722.98572744904  1.343745E-27
3724.06078812644  1.304092E-27
3725.13588463262  1.386237E-27
3726.21101692229  1.430357E-27
3727.28618495017  1.444343E-27
3728.36138867099  1.513761E-27
3729.43662803945  1.426425E-27
3730.51190301029  1.608323E-27
3731.58721353821  1.542679E-27
3732.66255957794  1.519603E-27
3733.7379410842  1.537612E-27
3734.8133580117  1.643850E-27
3735.88881031517  1.604070E-27
3736.96429794933  1.580767E-27
3738.03982086889  1.546493E-27
3739.11537902856  1.693239E-27
3740.19097238309  1.590595E-27
3741.26660088717  1.486479E-27
3742.34226449552  1.491416E-27
3743.41796316288  1.388168E-27
3744.49369684396  1.203215E-27
3745.56946549347  1.217425E-27
3746.64526906614  1.221992E-27
3747.72110751668  1.212182E-27
3748.79698079982  1.178141E-27
3749.87288887027  1.164966E-27
3750.94883168275  1.095074E-27
3752.02480919198  1.114774E-27
3753.10082135268  1.144711E-27
3754.17686811957  1.104084E-27
3755.25294944737  1.155521E-27
3756.3290652908  1.087381E-27
3757.40521560457  1.031792E-27
3758.4814003434  1.018825E-27
3759.55761946203  1.120412E-27
3760.63387291515  1.045723E-27
3761.7101606575  1.030053E-27
3762.78648264378  9.954617E-28
3763.86283882873  9.964499E-28
3764.93922916706  1.065111E-27
3766.01565361349  9.280074E-28
3767.09211212273  9.663354E-28
3768.16860464951  1.054134E-27
3769.24513114855  9.701536E-28
3770.32169157456  9.470107E-28
3771.39828588226  9.730956E-28
3772.47491402638  9.644112E-28
3773.55157596163  1.109411E-27
3774.62827164273  1.000894E-27
3775.7050010244  1.133794E-27
3776.78176406136  9.775012E-28
3777.85856070832  1.042968E-27
3778.93539092002  1.038061E-27
3780.01225465116  1.035639E-27
3781.08915185646  9.753315E-28
3782.16608249065  1.151965E-27
3783.24304650844  1.027073E-27
3784.32004386456  1.013927E-27
3785.39707451372  1.076941E-27
3786.47413841063  1.010187E-27
3787.55123551003  1.062767E-27
3788.62836576663  1.024900E-27
3789.70552913514  1.001379E-27
3790.78272557029  9.870415E-28
3791.85995502679  9.932855E-28
3792.93721745937  9.139466E-28
3794.01451282275  9.914257E-28
3795.09184107163  9.302381E-28
3796.16920216075  9.700310E-28
3797.24659604482  9.713716E-28
3798.32402267856  9.829379E-28
3799.40148201669  9.665242E-28
3800.47897401393  8.569459E-28
3801.55649862499  8.631061E-28
3802.6340558046  1.024299E-27
3803.71164550748  1.012173E-27
3804.78926768834  9.392067E-28
3805.8669223019  9.841674E-28
3806.94460930289  9.553165E-28
3808.02232864601  1.037941E-27
3809.100080286  9.267622E-28
3810.17786417757  9.279971E-28
3811.25568027543  9.234142E-28
3812.33352853432  9.398696E-28
3813.41140890894  8.683652E-28
3814.48932135401  8.842908E-28
3815.56726582426  7.767654E-28
3816.64524227441  8.810895E-28
3817.72325065917  7.807203E-28
3818.80129093326  7.766288E-28
3819.8793630514  7.679106E-28
3820.95746696831  7.823923E-28
3822.03560263871  7.648237E-28
3823.11377001732  7.239596E-28
3824.19196905885  7.024145E-28
3825.27019971804  6.472993E-28
3826.34846194958  5.835608E-28
3827.42675570821  6.227101E-28
3828.50508094865  6.098965E-28
3829.58343762561  6.865211E-28
3830.66182569381  7.308130E-28
3831.74024510797  6.864894E-28
3832.81869582281  6.068740E-28
3833.89717779304  5.970402E-28
3834.9756909734  6.405088E-28
3836.05423531859  6.373824E-28
3837.13281078334  6.969896E-28
3838.21141732236  6.636304E-28
3839.29005489038  5.674958E-28
3840.36872344211  6.732834E-28
3841.44742293227  7.060366E-28
3842.52615331559  6.038730E-28
3843.60491454677  6.963408E-28
3844.68370658055  5.973352E-28
3845.76252937163  6.406561E-28
3846.84138287473  6.261280E-28
3847.92026704459  6.573678E-28
3848.99918183591  6.202497E-28
3850.07812720342  6.112137E-28
3851.15710310182  6.509779E-28
3852.23610948585  6.308660E-28
3853.31514631023  6.267398E-28
3854.39421352966  6.535625E-28
3855.47331109887  6.665171E-28
3856.55243897259  6.047795E-28
3857.63159710552  6.828145E-28
3858.71078545238  5.984703E-28
3859.7900039679  5.894670E-28
3860.8692526068  6.313545E-28
3861.94853132379  6.160776E-28
3863.0278400736  6.737374E-28
3864.10717881094  6.405457E-28
3865.18654749052  6.168062E-28
3866.26594606708  6.821934E-28
3867.34537449533  6.067331E-28
3868.42483272998  5.685969E-28
3869.50432072577  6.378091E-28
3870.5838384374  6.762815E-28
3871.66338581959  5.442382E-28
3872.74296282707  6.521379E-28
3873.82256941456  5.685600E-28
3874.90220553676  6.432742E-28
3875.98187114841  6.034499E-28
3877.06156620422  5.860178E-28
3878.14129065891  4.904830E-28
3879.22104446719  5.863913E-28
3880.3008275838  5.798158E-28
3881.38063996344  5.648486E-28
3882.46048156084  5.730645E-28
3883.54035233071  5.949860E-28
3884.62025222778  5.258059E-28
3885.70018120676  5.938531E-28
3886.78013922237  4.909220E-28
3887.86012622934  5.521366E-28
3888.94014218237  5.949642E-28
3890.02018703619  5.952813E-28
3891.10026074553  5.164045E-28
3892.18036326508  5.489034E-28
3893.26049454959  4.849360E-28
3894.34065455376  6.127612E-28
3895.42084323232  4.980269E-28
3896.50106053998  5.055350E-28
3897.58130643146  5.940753E-28
3898.66158086149  5.247461E-28
3899.74188378477  4.771065E-28
3900.82221515604  4.974066E-28
3901.90257493  4.889207E-28
3902.98296306138  4.508056E-28
3904.0633795049  4.705635E-28
3905.14382421528  4.675884E-28
3906.22429714723  5.144070E-28
3907.30479825547  5.150958E-28
3908.38532749473  4.974841E-28
3909.46588481972  4.843238E-28
3910.54647018516  5.303273E-28
3911.62708354577  5.320480E-28
3912.70772485627  4.499246E-28
3913.78839407138  5.084629E-28
3914.86909114582  4.598953E-28
3915.9498160343  4.486853E-28
3917.03056869155  4.888972E-28
3918.11134907229  4.921211E-28
3919.19215713122  4.661344E-28
3920.27299282308  4.805146E-28
3921.35385610259  4.623680E-28
3922.43474692445  4.644614E-28
3923.51566524339  4.538589E-28
3924.59661101414  4.915725E-28
3925.6775841914  4.486332E-28
3926.75858472989  4.883632E-28
3927.83961258435  4.699430E-28
3928.92066770948  5.088606E-28
3930.00175006  3.946776E-28
3931.08285959064  4.150933E-28
3932.1639962561  3.751450E-28
3933.24516001112  4.062377E-28
3934.32635081041  3.853804E-28
3935.40756860869  4.142320E-28
3936.48881336068  4.205492E-28
3937.5700850211  4.626200E-28
3938.65138354466  4.351645E-28
3939.73270888609  4.548908E-28
3940.8140610001  4.211688E-28
3941.89543984142  4.526010E-28
3942.97684536476  4.544650E-28
3944.05827752484  4.158860E-28
3945.13973627639  4.371467E-28
3946.22122157411  4.111493E-28
3947.30273337273  4.279888E-28
3948.38427162697  4.711435E-28
3949.46583629155  4.249852E-28
3950.54742732118  4.019824E-28
3951.62904467059  4.365610E-28
3952.7106882945  4.254995E-28
3953.79235814761  4.239646E-28
3954.87405418466  4.465700E-28
3955.95577636036  4.624355E-28
3957.03752462944  4.492695E-28
3958.11929894659  4.307863E-28
3959.20109926656  4.218613E-28
3960.28292554406  4.782617E-28
3961.36477773381  3.972363E-28
3962.44665579051  4.208049E-28
3963.52855966891  4.392109E-28
3964.61048932371  4.511562E-28
3965.69244470963  4.228238E-28
3966.77442578139  4.334821E-28
3967.85643249372  4.812055E-28
3968.93846480132  3.746820E-28
3970.02052265892  4.137816E-28
3971.10260602125  4.446915E-28
3972.18471484301  4.547765E-28
3973.26684907892  4.785807E-28
3974.34900868371  4.249097E-28
3975.4311936121  4.364268E-28
3976.51340381879  4.331544E-28
3977.59563925853  3.729719E-28
3978.67789988601  3.885355E-28
3979.76018565596  3.908196E-28
3980.8424965231  4.495263E-28
3981.92483244216  4.740469E-28
3983.00719336784  4.275952E-28
3984.08957925486  4.160748E-28
3985.17199005795  3.596815E-28
3986.25442573183  3.786791E-28
3987.33688623121  2.244427E-28
3988.41937151081  3.031855E-28
3989.50188152536  3.729871E-28
3990.58441622957  4.446211E-28
3991.66697557815  4.750401E-28
3992.74955952584  3.999933E-28
3993.83216802735  3.251663E-28
3994.91480103739  3.127998E-28
3995.99745851069  3.606053E-28
3997.08014040196  4.256739E-28
3998.16284666593  4.313283E-28
3999.24557725731  4.766096E-28
4000.32833213083  5.100452E-28
4001.41111124119  4.224893E-28
4002.49391454313  4.358393E-28
4003.57674199135  4.867463E-28
4004.65959354059  4.548381E-28
4005.74246914555  4.879201E-28
4006.82536876096  5.090981E-28
4007.90829234154  4.737469E-28
4008.991239842  5.451948E-28
4010.07421121706  5.369880E-28
4011.15720642145  5.307548E-28
4012.24022540988  4.935620E-28
4013.32326813708  4.672188E-28
4014.40633455775  4.917388E-28
4015.48942462662  4.396543E-28
4016.57253829841  4.872502E-28
4017.65567552783  5.033354E-28
4018.73883626962  4.892435E-28
4019.82202047847  4.712637E-28
4020.90522810913  5.752135E-28
4021.9884591163  5.235891E-28
4023.07171345469  5.349077E-28
4024.15499107905  5.386829E-28
4025.23829194407  5.407965E-28
4026.32161600448  4.765058E-28
4027.404963215  4.841855E-28
4028.48833353035  5.613042E-28
4029.57172690524  4.841910E-28
4030.6551432944  4.731372E-28
4031.73858265255  4.853341E-28
4032.8220449344  5.756661E-28
4033.90553009468  4.905424E-28
4034.98903808809  4.714526E-28
4036.07256886937  5.314792E-28
4037.15612239323  5.195489E-28
4038.23969861438  4.749306E-28
4039.32329748756  4.940774E-28
4040.40691896747  4.963457E-28
4041.49056300884  4.532355E-28
4042.57422956639  4.829109E-28
4043.65791859483  5.142039E-28
4044.74163004888  4.571781E-28
4045.82536388326  3.521035E-28
4046.9091200527  5.370224E-28
4047.99289851191  4.554159E-28
4049.07669921561  4.904014E-28
4050.16052211852  4.068839E-28
4051.24436717535  4.019920E-28
4052.32823434083  4.678958E-28
4053.41212356968  3.896393E-28
4054.49603481662  4.734320E-28
4055.57996803635  4.742409E-28
4056.66392318362  4.768889E-28
4057.74790021312  4.382185E-28
4058.83189907958  4.840356E-28
4059.91591973773  5.077945E-28
4060.99996214227  4.691228E-28
4062.08402624794  4.602227E-28
4063.16811200944  4.765231E-28
4064.25221938149  4.646225E-28
4065.33634831883  4.705630E-28
4066.42049877615  4.495323E-28
4067.50467070819  4.526767E-28
4068.58886406967  4.539341E-28
4069.67307881529  4.518648E-28
4070.75731489979  4.207372E-28
4071.84157227788  3.203660E-28
4072.92585090427  3.107097E-28
4074.0101507337  2.829888E-28
4075.09447172087  2.845113E-28
4076.1788138205  4.063966E-28
4077.26317698733  3.872220E-28
4078.34756117605  4.135264E-28
4079.4319663414  3.491025E-28
4080.5163924381  3.072724E-28
4081.60083942085  3.515735E-28
4082.68530724438  3.875163E-28
4083.76979586342  4.831889E-28
4084.85430523267  4.890585E-28
4085.93883530686  5.119483E-28
4087.0233860407  4.555852E-28
4088.10795738893  4.932194E-28
4089.19254930624  4.885631E-28
4090.27716174737  5.131191E-28
4091.36179466704  4.941590E-28
4092.44644801995  5.011749E-28
4093.53112176084  4.970430E-28
4094.61581584442  4.552337E-28
4095.7005302254  4.999522E-28
4096.78526485851  5.027331E-28
4097.87001969848  4.706754E-28
4098.9547947  4.514599E-28
4100.03958981782  4.460902E-28
4101.12440500663  5.160506E-28
4102.20924022117  4.936038E-28
4103.29409541615  4.645484E-28
4104.3789705463  4.919617E-28
4105.46386556632  5.286672E-28
4106.54878043095  4.596968E-28
4107.63371509489  5.177902E-28
4108.71866951287  4.879393E-28
4109.80364363961  4.984299E-28
4110.88863742982  4.628959E-28
4111.97365083823  4.768028E-28
4113.05868381955  4.820264E-28
4114.1437363285  5.479634E-28
4115.22880831981  4.498999E-28
4116.31389974819  4.681564E-28
4117.39901056836  5.127469E-28
4118.48414073503  4.353683E-28
4119.56929020294  5.179954E-28
4120.65445892679  4.923507E-28
4121.73964686131  5.058890E-28
4122.82485396121  4.708890E-28
4123.91008018122  4.602740E-28
4124.99532547605  5.263042E-28
4126.08058980043  4.185764E-28
4127.16587310906  4.160620E-28
4128.25117535668  5.000316E-28
4129.336496498  4.751617E-28
4130.42183648773  4.948883E-28
4131.5071952806  4.944255E-28
4132.59257283133  4.594988E-28
4133.67796909464  4.945573E-28
4134.76338402524  5.030552E-28
4135.84881757785  4.801262E-28
4136.9342697072  4.759204E-28
4138.019740368  5.175498E-28
4139.10522951497  5.554477E-28
4140.19073710283  5.008627E-28
4141.2762630863  4.898169E-28
4142.3618074201  4.828373E-28
4143.44737005894  4.851676E-28
4144.53295095756  4.851664E-28
4145.61855007065  4.437157E-28
4146.70416735296  3.882484E-28
4147.78980275918  4.276846E-28
4148.87545624405  4.987336E-28
4149.96112776228  4.410220E-28
4151.04681726859  4.256960E-28
4152.1325247177  4.387884E-28
4153.21825006433  4.359548E-28
4154.30399326319  4.314466E-28
4155.38975426902  5.036886E-28
4156.47553303652  4.084726E-28
4157.56132952041  3.724849E-28
4158.64714367542  4.074005E-28
4159.73297545626  4.381712E-28
4160.81882481765  4.357295E-28
4161.90469171431  4.444012E-28
4162.99057610097  4.788282E-28
4164.07647793234  4.356171E-28
4165.16239716313  4.650369E-28
4166.24833374807  4.889513E-28
4167.33428764187  4.441338E-28
4168.42025879927  4.980183E-28
4169.50624717496  4.521536E-28
4170.59225272368  4.324188E-28
4171.67827540015  4.209895E-28
4172.76431515907  4.403470E-28
4173.85037195518  4.413074E-28
4174.93644574318  4.614921E-28
4176.0225364778  4.383907E-28
4177.10864411377  4.694366E-28
4178.19476860579  4.755345E-28
4179.28090990858  4.867471E-28
4180.36706797687  4.417925E-28
4181.45324276537  4.536000E-28
4182.53943422881  4.185369E-28
4183.6256423219  4.432248E-28
4184.71186699936  4.192483E-28
4185.79810821591  4.729539E-28
4186.88436592627  4.290164E-28
4187.97064008516  3.512641E-28
4189.0569306473  3.365631E-28
4190.1432375674  3.740370E-28
4191.22956080019  3.383232E-28
4192.31590030038  3.950366E-28
4193.4022560227  3.983004E-28
4194.48862792186  3.994574E-28
4195.57501595258  3.527667E-28
4196.66142006958  3.994946E-28
4197.74784022758  4.133788E-28
4198.8342763813  4.265190E-28
4199.92072848546  4.236948E-28
4201.00719649477  4.399967E-28
4202.09368036397  4.482171E-28
4203.18018004775  3.929783E-28
4204.26669550085  4.618637E-28
4205.35322667799  4.540027E-28
4206.43977353388  4.363133E-28
4207.52633602323  5.095540E-28
4208.61291410078  4.841778E-28
4209.69950772124  4.501159E-28
4210.78611683932  4.389889E-28
4211.87274140976  3.873106E-28
4212.95938138726  4.316023E-28
4214.04603672655  4.021732E-28
4215.13270738234  4.412700E-28
4216.21939330935  4.874511E-28
4217.30609446231  4.926332E-28
4218.39281079593  4.490052E-28
4219.47954226493  4.252635E-28
4220.56628882403  3.789966E-28
4221.65305042795  4.463440E-28
4222.7398270314  5.029729E-28
4223.82661858912  5.260097E-28
4224.91342505581  4.926275E-28
4226.00024638619  4.781855E-28
4227.08708253499  5.321837E-28
4228.17393345693  5.183077E-28
4229.26079910671  4.950959E-28
4230.34767943907  4.555935E-28
4231.43457440871  4.679313E-28
4232.52148397037  5.115766E-28
4233.60840807876  5.251720E-28
4234.69534668859  5.652360E-28
4235.78229975459  5.157454E-28
4236.86926723147  5.061799E-28
4237.95624907396  4.588016E-28
4239.04324523678  5.085001E-28
4240.13025567463  5.396333E-28
4241.21728034225  5.317563E-28
4242.30431919435  5.496333E-28
4243.39137218565  5.223813E-28
4244.47843927087  5.554575E-28
4245.56552040473  5.591259E-28
4246.65261554194  5.308483E-28
4247.73972463723  5.676055E-28
4248.82684764532  5.375543E-28
4249.91398452092  5.899299E-28
4251.00113521875  5.296514E-28
4252.08829969354  5.199242E-28
4253.17547789999  5.825970E-28
4254.26266979284  5.633117E-28
4255.3498753268  5.439959E-28
4256.43709445659  6.028180E-28
4257.52432713692  6.050614E-28
4258.61157332252  6.019235E-28
4259.6988329681  6.199104E-28
4260.7861060284  5.857356E-28
4261.87339245811  5.730937E-28
4262.96069221197  6.090920E-28
4264.04800524469  5.830877E-28
4265.13533151099  5.824021E-28
4266.22267096559  5.552841E-28
4267.31002356321  5.980260E-28
4268.39738925857  5.912326E-28
4269.48476800639  5.825261E-28
4270.57215976138  5.800679E-28
4271.65956447826  6.255568E-28
4272.74698211176  5.213698E-28
4273.8344126166  6.095597E-28
4274.92185594749  6.061370E-28
4276.00931205915  6.638042E-28
4277.0967809063  6.632144E-28
4278.18426244366  5.786658E-28
4279.27175662594  5.664461E-28
4280.35926340788  6.181242E-28
4281.44678274418  5.752142E-28
4282.53431458957  5.458524E-28
4283.62185889877  6.143210E-28
4284.70941562648  5.518963E-28
4285.79698472744  5.553760E-28
4286.88456615636  5.629868E-28
4287.97215986797  6.222345E-28
4289.05976581697  5.778306E-28
4290.1473839581  5.936671E-28
4291.23501424606  5.422169E-28
4292.32265663558  5.565538E-28
4293.41031108137  5.724903E-28
4294.49797753816  5.363804E-28
4295.58565596067  6.031099E-28
4296.6733463036  6.095520E-28
4297.7610485217  5.400273E-28
4298.84876256966  5.593792E-28
4299.93648840221  5.741862E-28
4301.02422597407  5.881520E-28
4302.11197523997  5.798074E-28
4303.1997361546  5.797703E-28
4304.28750867271  5.518477E-28
4305.37529274901  5.823834E-28
4306.4630883382  5.538593E-28
4307.55089539502  5.163483E-28
4308.63871387419  5.724161E-28
4309.72654373042  5.591588E-28
4310.81438491842  4.924542E-28
4311.90223739293  5.208206E-28
4312.99010110866  5.200280E-28
4314.07797602032  5.188830E-28
4315.16586208265  4.976871E-28
4316.25375925035  5.380989E-28
4317.34166747814  5.527286E-28
4318.42958672075  5.311408E-28
4319.5175169329  5.055767E-28
4320.60545806929  5.197356E-28
4321.69341008466  5.431615E-28
4322.78137293372  5.341599E-28
4323.86934657119  5.522335E-28
4324.95733095178  5.186593E-28
4326.04532603023  4.698857E-28
4327.13333176124  5.353549E-28
4328.22134809954  4.767130E-28
4329.30937499984  4.833526E-28
4330.39741241687  4.487669E-28
4331.48546030534  4.400663E-28
4332.57351861997  5.001694E-28
4333.66158731548  5.193877E-28
4334.7496663466  5.167428E-28
4335.83775566803  4.955395E-28
4336.9258552345  5.044532E-28
4338.01396500073  4.810175E-28
4339.10208492144  4.507459E-28
4340.19021495134  4.701620E-28
4341.27835504516  4.567288E-28
4342.36650515761  4.019728E-28
4343.45466524341  4.723412E-28
4344.54283525728  4.365210E-28
4345.63101515395  4.910062E-28
4346.71920488812  4.991569E-28
4347.80740441453  4.882975E-28
4348.89561368788  4.703602E-28
4349.9838326629  5.492395E-28
4351.0720612943  3.969827E-28
4352.16029953681  4.612079E-28
4353.24854734514  3.981548E-28
4354.33680467402  4.104711E-28
4355.42507147816  3.782231E-28
4356.51334771228  3.315930E-28
4357.6016333311  6.093744E-28
4358.68992828935  4.909532E-28
4359.77823254173  4.564847E-28
4360.86654604296  4.157694E-28
4361.95486874778  4.386398E-28
4363.04320061089  4.653308E-28
4364.13154158701  4.687555E-28
4365.21989163087  4.902132E-28
4366.30825069718  4.939965E-28
4367.39661874066  4.640855E-28
4368.48499571603  4.387061E-28
4369.57338157801  4.729556E-28
4370.66177628133  4.018535E-28
4371.75017978069  4.445947E-28
4372.83859203082  4.567788E-28
4373.92701298643  4.527279E-28
4375.01544260225  4.288499E-28
4376.10388083299  4.245983E-28
4377.19232763338  5.113769E-28
4378.28078295812  4.569875E-28
4379.36924676195  5.143060E-28
4380.45771899958  4.404917E-28
4381.54619962574  4.480052E-28
4382.63468859512  4.384736E-28
4383.72318586247  4.650996E-28
4384.81169138249  4.139585E-28
4385.90020510991  5.030047E-28
4386.98872699944  4.110276E-28
4388.07725700581  4.536560E-28
4389.16579508373  4.393179E-28
4390.25434118792  4.520248E-28
4391.3428952731  4.353188E-28
4392.431457294  4.293237E-28
4393.52002720532  4.215048E-28
4394.60860496179  4.163917E-28
4395.69719051813  3.384998E-28
4396.78578382905  4.607966E-28
4397.87438484928  4.879171E-28
4398.96299353353  4.242701E-28
4400.05160983653  4.318911E-28
4401.14023371299  4.105737E-28
4402.22886511763  4.991067E-28
4403.31750400517  4.500839E-28
4404.40615033033  3.942173E-28
4405.49480404783  4.413197E-28
4406.58346511239  3.960130E-28
4407.67213347872  4.769870E-28
4408.76080910155  4.117348E-28
4409.84949193559  4.859850E-28
4410.93818193557  4.966378E-28
4412.0268790562  3.992338E-28
4413.11558325221  4.418695E-28
4414.2042944783  4.142104E-28
4415.2930126892  4.884406E-28
4416.38173783964  4.286591E-28
4417.47046988432  3.838661E-28
4418.55920877797  3.801967E-28
4419.6479544753  5.022520E-28
4420.73670693104  4.293324E-28
4421.82546609991  4.666215E-28
4422.91423193661  4.581601E-28
4424.00300439588  4.363345E-28
4425.09178343244  4.570995E-28
4426.18056900099  5.157504E-28
4427.26936105626  4.427898E-28
4428.35815955297  4.078059E-28
4429.44696444584  4.958200E-28
4430.53577568959  4.186141E-28
4431.62459323893  4.018329E-28
4432.71341704859  4.890638E-28
4433.80224707328  4.589599E-28
4434.89108326772  4.343804E-28
4435.97992558664  4.229716E-28
4437.06877398474  4.743133E-28
4438.15762841676  4.226066E-28
4439.24648883741  4.317596E-28
4440.3353552014  3.999462E-28
4441.42422746346  4.109712E-28
4442.51310557831  4.506704E-28
4443.60198950066  5.138137E-28
4444.69087918524  4.203034E-28
4445.77977458676  4.532251E-28
4446.86867565995  3.455660E-28
4447.95758235951  4.615793E-28
4449.04649464018  4.074598E-28
4450.13541245667  4.793517E-28
4451.22433576369  4.512127E-28
4452.31326451597  3.703074E-28
4453.40219866823  4.505757E-28
4454.49113817519  4.975016E-28
4455.58008299156  4.224478E-28
4456.66903307206  4.878346E-28
4457.75798837142  4.173954E-28
4458.84694884435  3.853123E-28
4459.93591444557  4.721464E-28
4461.0248851298  5.250760E-28
4462.11386085176  4.626996E-28
4463.20284156617  4.370262E-28
4464.29182722775  5.459709E-28
4465.38081779121  4.778794E-28
4466.46981321128  4.571099E-28
4467.55881344267  4.348177E-28
4468.64781844011  4.535880E-28
4469.73682815831  4.557050E-28
4470.82584255199  4.376807E-28
4471.91486157587  4.007056E-28
4473.00388518467  4.069927E-28
4474.09291333311  4.450705E-28
4475.18194597591  4.718918E-28
4476.27098306779  4.162616E-28
4477.36002456346  4.249757E-28
4478.44907041764  4.741805E-28
4479.53812058506  3.833827E-28
4480.62717502044  4.170908E-28
4481.71623367848  4.121724E-28
4482.80529651392  5.378820E-28
4483.89436348147  4.492520E-28
4484.98343453584  4.761336E-28
4486.07250963177  4.771233E-28
4487.16158872396  4.883507E-28
4488.25067176714  4.167988E-28
4489.33975871602  4.733727E-28
4490.42884952533  4.336096E-28
4491.51794414978  4.287707E-28
4492.6070425441  5.088671E-28
4493.696144663  4.355140E-28
4494.7852504612  4.075828E-28
4495.87435989341  4.762840E-28
4496.96347291437  4.758476E-28
4498.05258947879  4.301388E-28
4499.14170954138  4.455855E-28
4500.23083305686  3.897142E-28
4501.31995997997  4.356472E-28
4502.4090902654  4.445364E-28
4503.4982238679  4.574359E-28
4504.58736074216  4.898213E-28
4505.67650084291  4.664606E-28
4506.76564412488  5.506842E-28
4507.85479054277  4.365449E-28
4508.94394005131  4.563537E-28
4510.03309260522  5.398853E-28
4511.12224815922  4.643523E-28
4512.21140666802  4.693638E-28
4513.30056808635  4.688766E-28
4514.38973236892  4.904415E-28
4515.47889947045  4.328870E-28
4516.56806934567  4.781728E-28
4517.65724194929  3.975160E-28
4518.74641723602  4.840397E-28
4519.8355951606  4.333445E-28
4520.92477567773  4.694355E-28
4522.01395874214  4.953940E-28
4523.10314430855  4.989701E-28
4524.19233233167  5.397750E-28
4525.28152276622  5.286470E-28
4526.37071556693  4.584937E-28
4527.45991068851  4.412715E-28
4528.54910808569  3.991978E-28
4529.63830771317  4.616900E-28
4530.72750952568  4.488948E-28
4531.81671347795  4.771799E-28
4532.90591952467  4.345828E-28
4533.99512762059  5.761740E-28
4535.08433772041  4.729965E-28
4536.17354977886  5.161669E-28
4537.26276375065  4.444634E-28
4538.3519795905  4.353291E-28
4539.44119725314  4.608991E-28
4540.53041669327  5.488325E-28
4541.61963786563  5.081298E-28
4542.70886072492  5.127268E-28
4543.79808522588  4.915444E-28
4544.88731132321  4.910611E-28
4545.97653897163  4.676872E-28
4547.06576812587  4.725924E-28
4548.15499874065  4.337923E-28
4549.24423077068  4.598736E-28
4550.33346417068  4.119003E-28
4551.42269889537  4.749860E-28
4552.51193489948  5.820032E-28
4553.60117213771  4.327889E-28
4554.69041056479  5.058599E-28
4555.77965013544  4.424602E-28
4556.86889080438  5.169416E-28
4557.95813252632  4.252281E-28
4559.04737525599  5.570345E-28
4560.1366189481  5.384599E-28
4561.22586355738  5.640205E-28
4562.31510903853  5.368683E-28
4563.40435534629  5.153506E-28
4564.49360243537  3.811719E-28
4565.58285026048  4.953084E-28
4566.67209877636  5.135465E-28
4567.76134793771  4.271505E-28
4568.85059769926  6.010430E-28
4569.93984801572  5.002982E-28
4571.02909884182  6.284041E-28
4572.11835013227  4.966964E-28
4573.20760184179  4.868333E-28
4574.29685392511  4.402819E-28
4575.38610633693  5.134248E-28
4576.47535903199  5.758041E-28
4577.564611965  5.408604E-28
4578.65386509067  4.813392E-28
4579.74311836373  4.537135E-28
4580.83237173889  5.013121E-28
4581.92162517088  4.984364E-28
4583.01087861441  4.335378E-28
4584.10013202421  4.932442E-28
4585.18938535499  5.129760E-28
4586.27863856147  4.877251E-28
4587.36789159837  5.474972E-28
4588.45714442041  4.419642E-28
4589.5463969823  5.335627E-28
4590.63564923878  4.863535E-28
4591.72490114455  5.473563E-28
4592.81415265434  5.144007E-28
4593.90340372286  5.158235E-28
4594.99265430483  5.153363E-28
4596.08190435498  4.495764E-28
4597.17115382802  4.290225E-28
4598.26040267867  5.041209E-28
4599.34965086165  5.750250E-28
4600.43889833167  5.236855E-28
4601.52814504347  4.717798E-28
4602.61739095175  4.995837E-28
4603.70663601124  4.805390E-28
4604.79588017665  5.071088E-28
4605.88512340271  6.015677E-28
4606.97436564413  5.303422E-28
4608.06360685564  5.214488E-28
4609.15284699194  4.966939E-28
4610.24208600776  5.320743E-28
4611.33132385783  5.414112E-28
4612.42056049685  5.045812E-28
4613.50979587955  5.384158E-28
4614.59902996065  5.172872E-28
4615.68826269486  5.484458E-28
4616.7774940369  5.131821E-28
4617.8667239415  5.506858E-28
4618.95595236337  6.398096E-28
4620.04517925724  5.112105E-28
4621.13440457781  5.480196E-28
4622.22362827982  5.107362E-28
4623.31285031797  5.325201E-28
4624.40207064699  6.225302E-28
4625.4912892216  4.889996E-28
4626.58050599651  5.185079E-28
4627.66972092645  5.173569E-28
4628.75893396613  4.999247E-28
4629.84814507028  6.181740E-28
4630.93735419361  5.918048E-28
4632.02656129084  4.916186E-28
4633.11576631669  5.815774E-28
4634.20496922588  5.384655E-28
4635.29416997313  5.785319E-28
4636.38336851315  5.446664E-28
4637.47256480067  5.498597E-28
4638.56175879041  6.224344E-28
4639.65095043708  5.659514E-28
4640.74013969541  6.018852E-28
4641.82932652011  5.428652E-28
4642.9185108659  5.804888E-28
4644.0076926875  5.220505E-28
4645.09687193963  6.118832E-28
4646.18604857701  5.602842E-28
4647.27522255436  6.212251E-28
4648.36439382639  5.918052E-28
4649.45356234783  6.334923E-28
4650.5427280734  6.557410E-28
4651.63189095781  6.011530E-28
4652.72105095578  5.889436E-28
4653.81020802204  5.908143E-28
4654.89936211129  5.271809E-28
4655.98851317827  5.964011E-28
4657.07766117769  5.000732E-28
4658.16680606427  5.918833E-28
4659.25594779272  6.053427E-28
4660.34508631777  6.278464E-28
4661.43422159413  5.798689E-28
4662.52335357653  6.254570E-28
4663.61248221969  6.053613E-28
4664.70160747831  6.485459E-28
4665.79072930713  6.367081E-28
4666.87984766086  6.167727E-28
4667.96896249422  6.552027E-28
4669.05807376193  6.281941E-28
4670.1471814187  5.768141E-28
4671.23628541927  6.156833E-28
4672.32538571834  6.521664E-28
4673.41448227063  6.562864E-28
4674.50357503087  6.117867E-28
4675.59266395377  6.804881E-28
4676.68174899406  7.400615E-28
4677.77083010644  6.482269E-28
4678.85990724565  6.735156E-28
4679.94898036639  7.156905E-28
4681.0380494234  6.793992E-28
4682.12711437138  7.393770E-28
4683.21617516506  6.550605E-28
4684.30523175915  6.886375E-28
4685.39428410838  6.414185E-28
4686.48333216747  7.443969E-28
4687.57237589112  6.774708E-28
4688.66141523407  6.948057E-28
4689.75045015103  6.857897E-28
4690.83948059672  7.024453E-28
4691.92850652586  7.007838E-28
4693.01752789316  7.263388E-28
4694.10654465336  7.619066E-28
4695.19555676115  7.190727E-28
4696.28456417128  7.019080E-28
4697.37356683845  7.414610E-28
4698.46256471738  7.243745E-28
4699.5515577628  6.996090E-28
4700.64054592941  7.285335E-28
4701.72952917195  7.951774E-28
4702.81850744513  7.823211E-28
4703.90748070366  7.901406E-28
4704.99644890227  8.483459E-28
4706.08541199568  7.816870E-28
4707.17436993861  7.580990E-28
4708.26332268577  8.238184E-28
4709.35227019188  8.109038E-28
4710.44121241167  7.654203E-28
4711.53014929985  8.450453E-28
4712.61908081114  8.131410E-28
4713.70800690026  7.794644E-28
4714.79692752193  8.310415E-28
4715.88584263087  8.594319E-28
4716.97475218179  8.018812E-28
4718.06365612942  8.547601E-28
4719.15255442848  8.892970E-28
4720.24144703368  8.673861E-28
4721.33033389974  8.756369E-28
4722.41921498139  9.837705E-28
4723.50809023334  8.412720E-28
4724.5969596103  9.405913E-28
4725.68582306701  8.776527E-28
4726.77468055818  9.732562E-28
4727.86353203853  9.973397E-28
4728.95237746277  9.557029E-28
4730.04121678563  9.796431E-28
4731.13004996182  8.971181E-28
4732.21887694607  9.274501E-28
4733.30769769308  9.018595E-28
4734.3965121576  9.208172E-28
4735.48532029432  9.742316E-28
4736.57412205797  1.000498E-27
4737.66291740327  9.660742E-28
4738.75170628494  1.018742E-27
4739.8404886577  9.163701E-28
4740.92926447627  9.932683E-28
4742.01803369536  9.860513E-28
4743.10679626969  1.007698E-27
4744.19555215399  8.768596E-28
4745.28430130297  1.006129E-27
4746.37304367135  1.062015E-27
4747.46177921385  1.016166E-27
4748.55050788519  9.912299E-28
4749.63922964009  9.200830E-28
4750.72794443327  9.527528E-28
4751.81665221945  1.016743E-27
4752.90535295334  9.331772E-28
4753.99404658967  9.686065E-28
4755.08273308315  8.895033E-28
4756.1714123885  9.943486E-28
4757.26008446044  9.954031E-28
4758.3487492537  9.236589E-28
4759.43740672299  8.731979E-28
4760.52605682303  8.942062E-28
4761.61469950853  9.177886E-28
4762.70333473422  8.910276E-28
4763.79196245482  8.796206E-28
4764.88058262505  8.452119E-28
4765.96919519962  8.419916E-28
4767.05780013325  8.512149E-28
4768.14639738066  7.387645E-28
4769.23498689658  8.204763E-28
4770.32356863572  7.879406E-28
4771.41214255279  7.901074E-28
4772.50070860253  7.659490E-28
4773.58926673964  7.613303E-28
4774.67781691885  7.479265E-28
4775.76635909488  6.848245E-28
4776.85489322244  6.507739E-28
4777.94341925626  6.783314E-28
4779.03193715105  7.342549E-28
4780.12044686153  7.704877E-28
4781.20894834242  6.783900E-28
4782.29744154844  7.261442E-28
4783.38592643432  6.931449E-28
4784.47440295476  6.671125E-28
4785.56287106449  6.333822E-28
4786.65133071822  7.238693E-28
4787.73978187068  6.649148E-28
4788.82822447659  6.343316E-28
4789.91665849066  6.275470E-28
4791.00508386761  6.200283E-28
4792.09350056216  6.201690E-28
4793.18190852903  6.185260E-28
4794.27030772295  6.259710E-28
4795.35869809862  6.836887E-28
4796.44707961077  5.933882E-28
4797.53545221412  5.883428E-28
4798.62381586338  5.979178E-28
4799.71217051328  5.908336E-28
4800.80051611853  5.926059E-28
4801.88885263386  6.070081E-28
4802.97718001398  6.187662E-28
4804.06549821361  6.698550E-28
4805.15380718747  6.216356E-28
4806.24210689028  5.913983E-28
4807.33039727676  6.380065E-28
4808.41867830162  5.474309E-28
4809.5069499196  6.104645E-28
4810.59521208539  6.288466E-28
4811.68346475374  6.317863E-28
4812.77170787934  6.203969E-28
4813.85994141693  6.031348E-28
4814.94816532122  5.988941E-28
4816.03637954694  5.779474E-28
4817.12458404879  5.602226E-28
4818.2127787815  5.492899E-28
4819.30096369979  5.625759E-28
4820.38913875837  4.508185E-28
4821.47730391197  5.941010E-28
4822.56545911531  5.819905E-28
4823.65360432311  6.170284E-28
4824.74173949007  5.918414E-28
4825.82986457093  5.433317E-28
4826.9179795204  5.557084E-28
4828.0060842932  5.316588E-28
4829.09417884405  6.108489E-28
4830.18226312766  5.497250E-28
4831.27033709877  5.750101E-28
4832.35840071208  5.973969E-28
4833.44645392231  5.404553E-28
4834.5344966842  5.773199E-28
4835.62252895244  5.539951E-28
4836.71055068177  5.939973E-28
4837.7985618269  6.167067E-28
4838.88656234255  5.760985E-28
4839.97455218345  5.434238E-28
4841.0625313043  5.376026E-28
4842.15049965983  5.366502E-28
4843.23845720475  5.851741E-28
4844.32640389379  6.366876E-28
4845.41433968167  5.107483E-28
4846.5022645231  5.447173E-28
4847.59017837281  5.560521E-28
4848.67808118551  5.527749E-28
4849.76597291592  6.008428E-28
4850.85385351876  5.476899E-28
4851.94172294874  6.074641E-28
4853.0295811606  5.274791E-28
4854.11742810905  4.948917E-28
4855.2052637488  5.861364E-28
4856.29308803458  5.619532E-28
4857.3809009211  6.072559E-28
4858.46870236309  5.611318E-28
4859.55649231526  5.348482E-28
4860.64427073233  4.653606E-28
4861.73203756902  5.442478E-28
4862.81979278006  5.078596E-28
4863.90753632015  5.507520E-28
4864.99526814402  5.060801E-28
4866.08298820639  5.218890E-28
4867.17069646197  5.390600E-28
4868.25839286549  5.407707E-28
4869.34607737166  5.728220E-28
4870.43374993521  5.518308E-28
4871.52141051085  5.379197E-28
4872.6090590533  5.230620E-28
4873.69669551728  5.384639E-28
4874.78431985751  5.078596E-28
4875.87193202871  5.067706E-28
4876.9595319856  5.112994E-28
4878.0471196829  5.530881E-28
4879.13469507532  4.878832E-28
4880.22225811758  5.542925E-28
4881.30980876441  4.647531E-28
4882.39734697052  5.464986E-28
4883.48487269064  4.865223E-28
4884.57238587947  5.060301E-28
4885.65988649175  5.418128E-28
4886.74737448218  5.167012E-28
4887.8348498055  5.392813E-28
4888.92231241641  5.584732E-28
4890.00976226963  4.950067E-28
4891.0971993199  4.943424E-28
4892.18462352191  5.058962E-28
4893.2720348304  5.318938E-28
4894.35943320008  4.621825E-28
4895.44681858568  5.314298E-28
4896.5341909419  4.656530E-28
4897.62155022348  5.041198E-28
4898.70889638512  5.227516E-28
4899.79622938156  5.397308E-28
4900.88354916749  5.405954E-28
4901.97085569766  5.229622E-28
4903.05814892677  5.254365E-28
4904.14542880954  5.690063E-28
4905.2326953007  5.418505E-28
4906.31994835496  5.604493E-28
4907.40718792703  4.616959E-28
4908.49441397165  6.056427E-28
4909.58162644353  5.269962E-28
4910.66882529739  5.319141E-28
4911.75601048795  5.129900E-28
4912.84318196992  5.199820E-28
4913.93033969803  5.332412E-28
4915.01748362699  5.579983E-28
4916.10461371152  5.724728E-28
4917.19172990635  5.545497E-28
4918.27883216619  5.373453E-28
4919.36592044576  5.252146E-28
4920.45299469978  5.089052E-28
4921.54005488297  4.829898E-28
4922.62710095004  5.522213E-28
4923.71413285573  5.007214E-28
4924.80115055474  5.347451E-28
4925.88815400179  5.070337E-28
4926.97514315161  5.621231E-28
4928.06211795891  5.526336E-28
4929.14907837842  5.741704E-28
4930.23602436484  5.757790E-28
4931.32295587291  5.437450E-28
4932.40987285733  6.253071E-28
4933.49677527284  5.643688E-28
4934.58366307414  5.264158E-28
4935.67053621596  5.964095E-28
4936.75739465301  6.053778E-28
4937.84423834002  5.866166E-28
4938.9310672317  5.194712E-28
4940.01788128277  5.584286E-28
4941.10468044796  5.358927E-28
4942.19146468197  5.696680E-28
4943.27823393954  4.739778E-28
4944.36498817538  5.396671E-28
4945.4517273442  5.654698E-28
4946.53845140073  5.413748E-28
4947.62516029969  5.259621E-28
4948.71185399579  5.491578E-28
4949.79853244376  6.067624E-28
4950.88519559831  5.638426E-28
4951.97184341416  6.178916E-28
4953.05847584603  6.026953E-28
4954.14509284864  5.867534E-28
4955.23169437672  5.440182E-28
4956.31828038496  5.214311E-28
4957.40485082811  5.049412E-28
4958.49140566088  6.405107E-28
4959.57794483798  5.103214E-28
4960.66446831414  6.370984E-28
4961.75097604406  5.938334E-28
4962.83746798249  5.588629E-28
4963.92394408412  5.295478E-28
4965.01040430369  5.490390E-28
4966.0968485959  5.620279E-28
4967.18327691548  5.748588E-28
4968.26968921716  5.187796E-28
4969.35608545564  5.493712E-28
4970.44246558564  6.018383E-28
4971.52882956189  5.325307E-28
4972.6151773391  5.925471E-28
4973.701508872  5.226797E-28
4974.7878241153  5.217230E-28
4975.87412302373  5.222322E-28
4976.96040555199  5.380990E-28
4978.04667165481  5.909673E-28
4979.13292128691  5.816370E-28
4980.21915440301  5.089775E-28
4981.30537095782  5.791781E-28
4982.39157090607  6.199093E-28
4983.47775420247  4.581565E-28
4984.56392080175  5.971110E-28
4985.65007065862  5.861821E-28
4986.73620372781  6.300173E-28
4987.82231996402  5.079120E-28
4988.90841932199  5.596906E-28
4989.99450175642  5.657320E-28
4991.08056722204  5.594100E-28
4992.16661567357  5.664211E-28
4993.25264706573  6.395438E-28
4994.33866135323  5.611931E-28
4995.42465849079  5.588814E-28
4996.51063843314  5.643435E-28
4997.59660113499  5.622856E-28
4998.68254655106  5.527965E-28
4999.76847463607  5.741078E-28
5000.85438534475  5.757002E-28
5001.9402786318  5.996138E-28
5003.02615445195  5.934969E-28
5004.11201275991  5.852661E-28
5005.19785351041  6.409549E-28
5006.28367665817  6.077803E-28
5007.3694821579  5.533834E-28
5008.45526996432  5.016519E-28
5009.54104003215  5.513694E-28
5010.62679231612  5.756063E-28
5011.71252677093  5.565627E-28
5012.79824335132  6.042016E-28
5013.88394201199  5.785250E-28
5014.96962270767  5.585273E-28
5016.05528539308  5.095112E-28
5017.14093002293  5.906126E-28
5018.22655655195  6.245958E-28
5019.31216493485  5.226682E-28
5020.39775512635  5.720268E-28
5021.48332708117  5.472777E-28
5022.56888075404  5.676797E-28
5023.65441609966  5.956494E-28
5024.73993307276  5.917083E-28
5025.82543162807  5.976201E-28
5026.91091172028  5.170470E-28
5027.99637330414  4.958804E-28
5029.08181633434  6.119630E-28
5030.16724076563  5.992828E-28
5031.2526465527  5.550467E-28
5032.33803365029  5.747124E-28
5033.42340201311  5.186862E-28
5034.50875159587  5.371678E-28
5035.59408235331  5.544045E-28
5036.67939424014  5.536062E-28
5037.76468721107  5.518301E-28
5038.84996122083  6.293572E-28
5039.93521622414  5.798306E-28
5041.0204521757  4.931503E-28
5042.10566903026  5.144663E-28
5043.19086674251  5.304225E-28
5044.27604526719  5.556523E-28
5045.36120455901  6.010830E-28
5046.44634457268  5.238023E-28
5047.53146526294  5.737206E-28
5048.6165665845  5.557435E-28
5049.70164849207  6.017567E-28
5050.78671094037  5.394070E-28
5051.87175388414  5.700379E-28
5052.95677727807  6.006197E-28
5054.0417810769  5.614652E-28
5055.12676523534  5.109859E-28
5056.21172970811  5.855486E-28
5057.29667444994  5.729188E-28
5058.38159941553  5.275700E-28
5059.46650455961  6.053307E-28
5060.5513898369  5.479613E-28
5061.63625520211  5.242557E-28
5062.72110060997  5.684025E-28
5063.8059260152  5.601112E-28
5064.89073137251  5.426890E-28
5065.97551663661  5.585109E-28
5067.06028176225  5.684514E-28
5068.14502670412  4.842914E-28
5069.22975141695  5.359964E-28
5070.31445585546  6.169643E-28
5071.39913997437  5.858707E-28
5072.4838037284  5.752980E-28
5073.56844707226  5.256488E-28
5074.65306996068  5.418662E-28
5075.73767234837  5.839739E-28
5076.82225419006  5.218710E-28
5077.90681544045  4.888663E-28
5078.99135605428  4.549894E-28
5080.07587598626  5.383238E-28
5081.16037519111  5.681057E-28
5082.24485362354  4.105020E-28
5083.32931123829  6.029350E-28
5084.41374799006  4.655165E-28
5085.49816383357  5.196867E-28
5086.58255872355  5.221727E-28
5087.66693261472  4.812533E-28
5088.75128546178  5.218119E-28
5089.83561721947  5.872540E-28
5090.9199278425  5.526568E-28
5092.00421728559  5.792874E-28
5093.08848550346  5.521540E-28
5094.17273245083  5.324964E-28
5095.25695808241  5.743057E-28
5096.34116235293  5.562313E-28
5097.4253452171  5.327593E-28
5098.50950662965  5.327612E-28
5099.59364654529  5.583748E-28
5100.67776491874  5.660516E-28
5101.76186170473  5.607142E-28
5102.84593685797  5.889834E-28
5103.92999033317  4.987965E-28
5105.01402208507  5.984890E-28
5106.09803206837  5.844204E-28
5107.1820202378  5.174332E-28
5108.26598654807  5.351255E-28
5109.34993095391  5.864321E-28
5110.43385341003  6.217042E-28
5111.51775387115  5.273594E-28
5112.601632292  6.089450E-28
5113.68548862729  5.152531E-28
5114.76932283174  5.501706E-28
5115.85313486006  4.973192E-28
5116.93692466699  5.783744E-28
5118.02069220723  5.155623E-28
5119.10443743551  6.316292E-28
5120.18816030654  5.661527E-28
5121.27186077504  5.739300E-28
5122.35553879575  5.627657E-28
5123.43919432336  5.373760E-28
5124.5228273126  5.861676E-28
5125.6064377182  5.131387E-28
5126.69002549486  4.998753E-28
5127.77359059731  5.417698E-28
5128.85713298028  5.190890E-28
5129.94065259846  5.367709E-28
5131.02414940659  5.146613E-28
5132.10762335939  4.707744E-28
5133.19107441157  5.338817E-28
5134.27450251786  5.250416E-28
5135.35790763296  4.865692E-28
5136.44128971161  5.609945E-28
5137.52464870852  5.330372E-28
5138.6079845784  5.295544E-28
5139.69129727599  4.661538E-28
5140.77458675599  5.390764E-28
5141.85785297313  5.254942E-28
5142.94109588212  6.456766E-28
5144.02431543769  5.523184E-28
5145.10751159455  5.488880E-28
5146.19068430742  5.220190E-28
5147.27383353103  5.015625E-28
5148.35695922008  5.235981E-28
5149.44006132931  5.602214E-28
5150.52313981342  5.555367E-28
5151.60619462714  5.928613E-28
5152.68922572519  4.882192E-28
5153.77223306228  4.974936E-28
5154.85521659314  4.908007E-28
5155.93817627248  4.894997E-28
5157.02111205503  4.753939E-28
5158.10402389549  5.555507E-28
5159.1869117486  5.519285E-28
5160.26977556907  4.750416E-28
5161.35261531162  4.870577E-28
5162.43543093096  6.111240E-28
5163.51822238183  5.050256E-28
5164.60098961893  5.339212E-28
5165.68373259698  4.997681E-28
5166.76645127071  4.876176E-28
5167.84914559483  5.948246E-28
5168.93181552407  5.416772E-28
5170.01446101313  5.705170E-28
5171.09708201675  5.352949E-28
5172.17967848964  5.388703E-28
5173.26225038651  5.661180E-28
5174.34479766209  5.661720E-28
5175.42732027111  5.649862E-28
5176.50981816826  6.245264E-28
5177.59229130828  5.270070E-28
5178.67473964589  5.987042E-28
5179.75716313579  4.973538E-28
5180.83956173272  5.117365E-28
5181.92193539139  5.271275E-28
5183.00428406653  4.953201E-28
5184.08660771283  5.163838E-28
5185.16890628504  4.976129E-28
5186.25117973787  5.125182E-28
5187.33342802603  5.708723E-28
5188.41565110425  4.421917E-28
5189.49784892724  5.495379E-28
5190.58002144973  5.505262E-28
5191.66216862643  5.021955E-28
5192.74429041205  5.625587E-28
5193.82638676134  6.018637E-28
5194.90845762898  5.192377E-28
5195.99050296972  5.715014E-28
5197.07252273827  4.577263E-28
5198.15451688934  5.880051E-28
5199.23648537766  4.979408E-28
5200.31842815795  4.596002E-28
5201.40034518492  5.466407E-28
5202.48223641329  5.186778E-28
5203.56410179778  4.859362E-28
5204.64594129312  5.574512E-28
5205.72775485401  5.031705E-28
5206.80954243519  5.610800E-28
5207.89130399136  5.180802E-28
5208.97303947725  5.304268E-28
5210.05474884758  5.166668E-28
5211.13643205706  4.855982E-28
5212.21808906042  5.321904E-28
5213.29971981237  6.026630E-28
5214.38132426763  5.901568E-28
5215.46290238093  4.937931E-28
5216.54445410697  4.545933E-28
5217.62597940049  5.310320E-28
5218.70747821619  5.081655E-28
5219.7889505088  5.038553E-28
5220.87039623304  5.570546E-28
5221.95181534363  4.983083E-28
5223.03320779528  5.626032E-28
5224.11457354271  5.455841E-28
5225.19591254065  5.039603E-28
5226.27722474381  5.115138E-28
5227.35851010691  5.167958E-28
5228.43976858467  5.082989E-28
5229.52100013181  5.081743E-28
5230.60220470305  5.566332E-28
5231.6833822531  5.416276E-28
5232.7645327367  5.760434E-28
5233.84565610855  5.081738E-28
5234.92675232337  5.944788E-28
5236.00782133588  5.436748E-28
5237.08886310081  5.441349E-28
5238.16987757288  5.244285E-28
5239.25086470679  5.682432E-28
5240.33182445727  5.194443E-28
5241.41275677904  5.435490E-28
5242.49366162682  6.350572E-28
5243.57453895532  5.778414E-28
5244.65538871928  6.180222E-28
5245.73621087339  5.502468E-28
5246.81700537239  5.090613E-28
5247.897772171  5.803630E-28
5248.97851122393  5.730658E-28
5250.05922248589  6.486030E-28
5251.13990591162  5.422470E-28
5252.22056145583  5.642869E-28
5253.30118907324  5.740307E-28
5254.38178871856  5.094090E-28
5255.46236034652  4.870724E-28
5256.54290391184  5.799132E-28
5257.62341936923  6.145021E-28
5258.70390667341  4.446185E-28
5259.78436577911  5.881551E-28
5260.86479664104  5.275759E-28
5261.94519921392  5.479623E-28
5263.02557345247  5.538916E-28
5264.10591931141  4.925793E-28
5265.18623674545  5.700561E-28
5266.26652570933  5.820610E-28
5267.34678615775  5.855708E-28
5268.42701804543  6.209808E-28
5269.5072213271  4.767565E-28
5270.58739595748  5.199929E-28
5271.66754189127  5.753097E-28
5272.74765908321  5.260701E-28
5273.82774748801  5.834225E-28
5274.90780706038  5.559063E-28
5275.98783775506  5.302181E-28
5277.06783952675  5.508876E-28
5278.14781233018  5.335328E-28
5279.22775612007  5.579607E-28
5280.30767085113  5.311820E-28
5281.38755647808  5.796761E-28
5282.46741295565  4.717875E-28
5283.54724023855  4.721057E-28
5284.62703828149  6.072330E-28
5285.70680703921  5.467088E-28
5286.78654646642  5.807786E-28
5287.86625651784  5.521767E-28
5288.94593714818  5.480728E-28
5290.02558831217  6.162640E-28
5291.10520996453  5.508128E-28
5292.18480205997  5.897034E-28
5293.26436455321  5.341464E-28
5294.34389739898  4.515593E-28
5295.42340055198  5.429740E-28
5296.50287396695  5.533373E-28
5297.5823175986  5.949244E-28
5298.66173140165  4.581512E-28
5299.74111533081  5.490718E-28
5300.82046934081  5.512891E-28
5301.89979338636  5.408460E-28
5302.9790874222  5.210317E-28
5304.05835140302  5.168106E-28
5305.13758528356  5.365148E-28
5306.21678901853  6.002691E-28
5307.29596256265  4.802473E-28
5308.37510587064  4.389408E-28
5309.45421889722  5.713176E-28
5310.53330159711  4.393466E-28
5311.61235392502  5.138684E-28
5312.69137583569  5.240428E-28
5313.77036728381  5.478452E-28
5314.84932822412  4.548231E-28
5315.92825861134  5.548551E-28
5317.00715840018  5.635798E-28
5318.08602754535  5.518288E-28
5319.16486600159  4.982547E-28
5320.24367372361  5.673271E-28
5321.32245066613  4.827574E-28
5322.40119678387  3.712917E-28
5323.47991203154  3.467595E-28
5324.55859636387  5.656046E-28
5325.63724973557  5.125282E-28
5326.71587210137  4.213461E-28
5327.79446341598  4.926184E-28
5328.87302363412  5.394580E-28
5329.95155271051  5.050139E-28
5331.03005059988  4.811715E-28
5332.10851725693  5.251323E-28
5333.18695263639  5.606220E-28
5334.26535669298  5.540751E-28
5335.34372938142  4.394760E-28
5336.42207065641  5.130892E-28
5337.5003804727  4.817076E-28
5338.57865878499  5.549755E-28
5339.656905548  4.964142E-28
5340.73512071645  5.218957E-28
5341.81330424506  5.101820E-28
5342.89145608856  4.775361E-28
5343.96957620165  4.699733E-28
5345.04766453906  5.156193E-28
5346.1257210555  5.337534E-28
5347.2037457057  4.801770E-28
5348.28173844438  4.831304E-28
5349.35969922625  5.812479E-28
5350.43762800604  4.916308E-28
5351.51552473845  4.535809E-28
5352.59338937822  5.471747E-28
5353.67122188006  4.730021E-28
5354.74902219869  4.884418E-28
5355.82679028882  4.774553E-28
5356.90452610518  4.625891E-28
5357.98222960249  4.700772E-28
5359.05990073547  4.930330E-28
5360.13753945883  4.222794E-28
5361.21514572729  4.287909E-28
5362.29271949557  4.677964E-28
5363.3702607184  4.746484E-28
5364.44776935049  4.114669E-28
5365.52524534656  5.354199E-28
5366.60268866133  4.300857E-28
5367.68009924951  4.676936E-28
5368.75747706583  5.608895E-28
5369.83482206501  4.975222E-28
5370.91213420176  5.156200E-28
5371.98941343081  5.254063E-28
5373.06665970687  4.664204E-28
5374.14387298466  4.897086E-28
5375.2210532189  5.068393E-28
5376.29820036432  5.215257E-28
5377.37531437562  5.490671E-28
5378.45239520753  5.883774E-28
5379.52944281477  5.055345E-28
5380.60645715205  5.464329E-28
5381.6834381741  4.296014E-28
5382.76038583564  5.649378E-28
5383.83730009138  4.350894E-28
5384.91418089604  4.330852E-28
5385.99102820434  4.517463E-28
5387.06784197101  4.786440E-28
5388.14462215075  5.408546E-28
5389.2213686983  4.844365E-28
5390.29808156836  4.853399E-28
5391.37476071566  4.612243E-28
5392.45140609491  6.563393E-28
5393.52801766084  5.088042E-28
5394.60459536816  4.113615E-28
5395.6811391716  3.809374E-28
5396.75764902587  4.496928E-28
5397.83412488569  4.712038E-28
5398.91056670578  4.857495E-28
5399.98697444086  6.374118E-28
5401.06334804565  4.850963E-28
5402.13968747487  4.875640E-28
5403.21599268323  4.643891E-28
5404.29226362546  4.625583E-28
5405.36850025627  3.898018E-28
5406.44470253039  4.346406E-28
5407.52087040253  4.662598E-28
5408.59700382741  4.440769E-28
5409.67310275975  5.170133E-28
5410.74916715427  5.023595E-28
5411.8251969657  6.206244E-28
5412.90119214874  6.037322E-28
5413.97715265811  4.777151E-28
5415.05307844854  5.844802E-28
5416.12896947475  5.298790E-28
5417.20482569146  4.516350E-28
5418.28064705337  5.210645E-28
5419.35643351522  4.704883E-28
5420.43218503172  4.952656E-28
5421.50790155759  5.552090E-28
5422.58358304755  5.208433E-28
5423.65922945631  5.322019E-28
5424.73484073861  4.252478E-28
5425.81041684915  4.932698E-28
5426.88595774266  3.853726E-28
5427.96146337385  5.779172E-28
5429.03693369745  4.558911E-28
5430.11236866817  5.062257E-28
5431.18776824073  5.432799E-28
5432.26313236985  5.645437E-28
5433.33846101025  4.521077E-28
5434.41375411665  6.082302E-28
5435.48901164377  4.198979E-28
5436.56423354633  4.238491E-28
5437.63941977904  4.851882E-28
5438.71457029663  4.337740E-28
5439.78968505381  4.446871E-28
5440.86476400531  5.110732E-28
5441.93980710583  4.393651E-28
5443.01481431012  5.733738E-28
5444.08978557286  5.121483E-28
5445.1647208488  3.813773E-28
5446.23962009265  3.993171E-28
5447.31448325913  4.969079E-28
5448.38931030295  5.360143E-28
5449.46410117884  4.230952E-28
5450.53885584151  4.559893E-28
5451.61357424569  4.370874E-28
5452.68825634609  4.242551E-28
5453.76290209743  5.116646E-28
5454.83751145444  3.961200E-28
5455.91208437182  5.370934E-28
5456.9866208043  3.842072E-28
5458.0611207066  4.285347E-28
5459.13558403344  4.933571E-28
5460.21001073953  7.449653E-28
5461.2844007796  6.050917E-28
5462.35875410837  5.069004E-28
5463.43307068054  4.094570E-28
5464.50735045085  5.121427E-28
5465.58159337402  5.626318E-28
5466.65579940475  4.401701E-28
5467.72996849777  5.438427E-28
5468.8041006078  5.905670E-28
5469.87819568956  5.313474E-28
5470.95225369776  5.229567E-28
5472.02627458713  4.634396E-28
5473.10025831239  5.142043E-28
5474.17420482825  4.062418E-28
5475.24811408943  4.094738E-28
5476.32198605066  4.311447E-28
5477.39582066664  4.249200E-28
5478.46961789211  4.183801E-28
5479.54337768177  3.868784E-28
5480.61709999036  5.209058E-28
5481.69078477258  4.733461E-28
5482.76443198315  4.865155E-28
5483.83804157681  5.290718E-28
5484.91161350825  5.216831E-28
5485.98514773221  5.168419E-28
5487.05864420341  6.532289E-28
5488.13210287655  4.374098E-28
5489.20552370637  3.954171E-28
5490.27890664757  4.881223E-28
5491.35225165488  4.813867E-28
5492.42555868303  4.468415E-28
5493.49882768671  4.771376E-28
5494.57205862067  4.356849E-28
5495.64525143961  3.506081E-28
5496.71840609825  4.181519E-28
5497.79152255132  5.104436E-28
5498.86460075353  4.809530E-28
