objID detectID filterID randomDetID obsTime ra dec raErr decErr extNSigma airMass psfFlux psfFluxErr psfMajorFWHM psfMinorFWHM psfTheta psfCore psfQf psfQfPerfect psfChiSq psfLikelihood apFlux apFluxErr apFillF apRadius kronFlux kronFluxErr kronRad sky skyErr infoFlag infoFlag2 infoFlag3
149251814361908097 152857712540000121 2 0.0874291547457028 55629.5773664 181.43617783 34.38120556 0.007940229959785938 0.008245640434324741 -0.23343800008296967 1.2249499559402466 0.00020012400636915118 2.0673298877227353e-06 1.5671900510787964 1.46110999584198 -58.40549850463867 -0.2742440104484558 0.9986739754676819 0.9986739754676819 1.0426700115203857 -0.8154209852218628 0.0002038990060100332 1.5754300193293602e-06 0.904075026512146 3.3365399837493896 0.000190452003153041 2.707010025915224e-06 2.9234399795532227 1.5070500012370758e-05 1.811720039768261e-06 102760517 128 7374912
149251814361908097 152858756540000107 2 0.662534008419638 55629.5878035 181.43616964 34.38119847 0.007416119799017906 0.007676369976252317 0.10312700271606445 1.27469003200531 0.00020321599731687456 2.0476500139920972e-06 1.475160002708435 1.4389499425888062 81.5115966796875 -0.3252770006656647 0.9997050166130066 0.9997050166130066 1.1213799715042114 0.9178619980812073 0.00020292999397497624 1.582459958626714e-06 0.8996679782867432 3.0804800987243652 0.00019038000027649105 2.6727500426204642e-06 2.8178200721740723 1.580259959155228e-05 1.843039967752702e-06 102760453 128 7374912
149251814361908097 152947032250000128 3 0.120551854484297 55630.4705915 181.43617312 34.38119631 0.010473700240254402 0.010673100128769875 -1.3214099407196045 1.0292099714279175 0.0002158819988835603 2.3224599772220245e-06 1.747979998588562 1.7123600244522095 -78.45680236816406 0.13726399838924408 0.9992009997367859 0.9992009997367859 1.3579200506210327 -0.18636399507522583 0.00021003300207667053 1.6273399978672387e-06 0.9213579893112183 4.105740070343018 0.00019388900545891374 2.951639999082545e-06 3.098299980163574 1.7629699868848547e-05 2.125490027538035e-06 102760517 128 7342144
149251814361908097 152948222250000138 3 0.113796800480966 55630.482484 181.43618335 34.3811974 0.012736399658024311 0.012577099725604057 -0.5797320008277893 1.0308799743652344 0.00021631500567309558 3.2731400096963625e-06 1.5003199577331543 1.4307399988174438 36.86360168457031 0.10321799665689468 0.9980419874191284 0.9980419874191284 1.2819299697875977 -0.5620949864387512 0.0002165769983548671 2.1508299141714815e-06 0.9021919965744019 3.336009979248047 0.00019567899289540946 4.40481016994454e-06 2.7024800777435303 3.454040052019991e-05 3.6753699532710016e-06 102760517 128 7342144
149251814361908097 146667326550000145 5 0.653413573888516 55567.6734394 181.43618018 34.3811997 0.02871979959309101 0.028439300134778023 -1.7481000423431396 1.043239951133728 0.0002267030067741871 8.033859558054246e-06 1.2754900455474854 1.270050048828125 -42.59320068359375 0.4392299950122833 0.9995869994163513 0.9995869994163513 1.1144599914550781 -0.08044610172510147 0.00020384399977046996 3.4174599932157435e-06 0.8996679782867432 3.080169916152954 0.00018586000078357756 1.1173900020367e-05 2.3434500694274902 0.00011518799874465913 1.056949986377731e-05 102760453 128 7374912
149251814361908097 148458387350000142 4 0.0648552859806039 55585.5840589 181.43616729 34.38119973 0.010163400322198868 0.009285089559853077 -0.8032709956169128 1.0311199426651 0.0002621340099722147 3.7445399811986135e-06 1.1715699434280396 1.0455299615859985 23.938499450683594 0.6644870042800903 0.9982500076293945 0.9982500076293945 1.1265300512313843 -0.42181798815727234 0.0002542400034144521 2.5110300612141145e-06 0.8812710046768188 2.8236100673675537 0.00023301999317482114 4.847559921472566e-06 2.513659954071045 3.58102006430272e-05 4.089719823241467e-06 102760517 128 24152128
149251814361908097 148459429350000143 4 0.0605437178728578 55585.594474 181.43617124 34.38119394 0.010074700228869915 0.009152909740805626 -0.5658779740333557 1.0291800498962402 0.00025773700326681137 3.640509930846747e-06 1.2546600103378296 1.1514099836349487 14.945799827575684 0.19582399725914001 0.9995970129966736 0.9995970129966736 1.0645999908447266 -0.5714759826660156 0.0002604649926070124 2.52850009019312e-06 0.8786410093307495 2.82384991645813 0.0002459780080243945 5.249929927231278e-06 2.8031599521636963 3.455760088399984e-05 3.997689873358468e-06 102760453 128 7374912
149251814361908097 152855295550000101 1 0.29642112580726 55629.5532098 181.43616192 34.3811851 0.008908630348742008 0.008318530395627022 0.9173700213432312 1.1367700099945068 0.00019099199562333524 2.0843299353145994e-06 1.571429967880249 1.4379600286483765 -26.589399337768555 -0.1444070041179657 0.9979069828987122 0.9979069828987122 1.2101600170135498 0.3589490056037903 0.00019511100254021585 1.6662800135236466e-06 0.8965409994125366 3.336780071258545 0.0001806740037864074 2.527739979996113e-06 2.9549400806427 5.342189979273826e-06 1.4982199445512379e-06 102760517 128 7374912
149251814361908097 152856410550000098 1 0.361840327607319 55629.5643679 181.43617536 34.38119827 0.011301299557089806 0.011575199663639069 -0.9684010148048401 1.1732399463653564 0.00018700699729379267 2.1914299850323005e-06 1.8727600574493408 1.750980019569397 61.124900817871094 -0.1688690036535263 0.9989500045776367 0.9989500045776367 1.340630054473877 -0.33284398913383484 0.00017972900241147727 1.5921899603199563e-06 0.9201149940490723 4.106649875640869 0.0001668070035520941 2.5558699690009234e-06 3.008430004119873 5.42996986041544e-06 1.5328899962696596e-06 102760517 128 7374912
149251814361908097 124527156370000145 5 0.984978537061232 55346.2717419 181.43617779 34.38119075 0.025968000292778015 0.02423590049147606 0.8953080177307129 1.0366699695587158 0.00024212899734266102 9.057899660547264e-06 1.1536200046539307 1.0142500400543213 -27.365100860595703 0.44811999797821045 0.9996039867401123 0.9996039867401123 1.0801399946212769 0.37062200903892517 0.00022301099670585245 3.8129398944874993e-06 0.8786410093307495 2.8132500648498535 0.000220286994590424 1.2749499546771403e-05 2.0185599327087402 0.00018669200653675944 1.4156699762679636e-05 102760453 128 7374912
149251814361908097 124528376370000139 5 0.10419007400441 55346.2839445 181.43617004 34.3811799 0.027241699397563934 0.024607600644230843 -0.642985999584198 1.0477900505065918 0.00023890199372544885 8.949609764385968e-06 1.2618999481201172 1.0459500551223755 -28.470500946044922 0.14379499852657318 0.9982969760894775 0.9982969760894775 1.0339800119400024 -0.5202329754829407 0.0002227890072390437 3.801159891736461e-06 0.8891630172729492 2.8132500648498535 0.00020541400590445846 1.301360043726163e-05 2.0764200687408447 0.00018638100300449878 1.4013799955137074e-05 102760453 128 7374912
149251814361908097 114755112130000088 2 0.277989933526134 55248.5513349 181.43617762 34.38119421 0.005784580018371344 0.005685320124030113 0.0879632979631424 1.0475399494171143 0.00020930600294377655 2.020759893639479e-06 1.1482399702072144 1.118880033493042 -19.222900390625 -0.060919199138879776 0.9978600144386292 0.9978600144386292 1.1598199605941772 0.9299060106277466 0.00020994700025767088 1.7072100035875337e-06 0.8785349726676941 2.5661399364471436 0.00019701800192706287 2.4878099793568254e-06 2.570580005645752 1.0677200407371856e-05 1.736140006869391e-06 102760517 128 7374912
149251814361908097 114756087130000079 2 0.952874822498183 55248.5610932 181.43616796 34.38120013 0.004586029797792435 0.004604959860444069 -0.5435749888420105 1.060130000114441 0.00020966600277461112 1.9347598936292343e-06 0.9773030281066895 0.9649789929389954 -51.702701568603516 -0.20288600027561188 0.9989309906959534 0.9989309906959534 1.1924400329589844 -0.5867339968681335 0.0002061160048469901 1.6915499827518943e-06 0.8724049925804138 2.3096299171447754 0.00019474899454507977 2.3668999347137287e-06 2.3358099460601807 1.1165900104970206e-05 1.795270009097294e-06 102760517 128 7374912
149251814361908097 111361398220000156 5 0.709499256414826 55214.6141624 181.43618129 34.38120014 0.03698670119047165 0.037696801126003265 -5.003439903259277 1.029360055923462 0.0002475159999448806 1.039099970512325e-05 1.602370023727417 1.2026699781417847 -31.97480010986328 0.0157041996717453 0.7603340148925781 0.7603340148925781 1.0509400367736816 -5.631550266116392e-07 0.00017355100135318935 3.1066499559528893e-06 0.5393580198287964 3.078670024871826 0.00017183099407702684 1.0980399565596599e-05 2.1405301094055176 0.00020049199520144612 1.3011400369578041e-05 102760453 128 32768
149251814361908097 117448980510000092 1 0.0558368973953993 55275.4901154 181.43616569 34.38118984 0.007272710092365742 0.006826879922300577 0.4889470040798187 1.0641499757766724 0.00018840499978978187 1.7571600210430915e-06 1.7495299577713013 1.2892999649047852 40.814300537109375 -0.5000360012054443 0.9988300204277039 0.9675790071487427 1.1916699409484863 0.624879002571106 0.00019057700410485268 1.4973800261941506e-06 0.9003080129623413 3.331789970397949 0.0001768469956004992 2.00771000891109e-06 2.646699905395508 5.093019808555255e-06 1.3302300203577033e-06 102760517 128 7374912
149251814361908097 117449952120000109 1 0.922508217322182 55275.4998345 181.43617782 34.38119917 0.008037419989705086 0.008108260110020638 -0.19763900339603424 1.081220030784607 0.00018946599448099732 1.7912300336320186e-06 1.7955800294876099 1.57669997215271 -46.49610137939453 -0.3611699938774109 0.9992160201072693 0.9992160201072693 1.2900700569152832 -0.8433279991149902 0.00018950499361380935 1.4809800177317811e-06 0.9124879837036133 3.84443998336792 0.00017627699708100408 2.029270035563968e-06 2.8497400283813477 5.663980118697509e-06 1.2755799616570584e-06 102760517 128 7374912
149251814361908097 124527577010000101 5 0.67509335807999 55346.2759588 181.43618498 34.38121011 0.02316810004413128 0.02438409999012947 -0.3369860053062439 1.039929986000061 0.00025362399173900485 9.481210327066947e-06 1.0862499475479126 0.9779930114746094 -61.33430099487305 0.38112300634384155 0.9985629916191101 0.9985629916191101 0.8939939737319946 -0.7361279726028442 0.00023368200345430523 3.891750111506553e-06 0.872169017791748 2.554349899291992 0.0002175639965571463 1.418210013071075e-05 2.0267701148986816 0.00018327499856241047 1.3955400390841532e-05 102760453 128 7374912
149251814361908097 124528821010000093 5 0.157761356940271 55346.2883937 181.43618339 34.38118671 0.025282200425863266 0.025282200425863266 -0.19130699336528778 1.0531500577926636 0.00024816900258883834 1.1543300388439093e-05 1.3902599811553955 1.272629976272583 -62.275699615478516 0.45574700832366943 0.9989479780197144 0.9989479780197144 0.9130520224571228 -0.8482850193977356 0.0002520059933885932 3.9931601349962875e-06 0.9021919965744019 3.3210198879241943 0.00022412299585994333 1.8724600522546098e-05 2.6945900917053223 0.00018227199325338006 1.388869986840291e-05 35651585 128 7374912
149251814361908097 237428659670000118 4 0.958298576956893 56475.2869554 181.43617227 34.38120359 0.010170900262892246 0.011461500078439713 -0.24831999838352203 1.3581000566482544 0.00023484299890697002 3.179709892719984e-06 1.5494699478149414 1.3713300228118896 86.99620056152344 -0.30057498812675476 0.9990649819374084 0.9990649819374084 0.8140559792518616 -0.8038870096206665 0.0002332339936401695 1.7193100347867585e-06 0.8952469825744629 3.0630199909210205 0.00021706000552512705 4.6601498979725875e-06 2.4568800926208496 6.987789674894884e-05 3.648000074463198e-06 102760517 128 7374912
149251814361908097 229147626670000079 1 0.544830140233813 56392.4765211 181.43618189 34.38120758 0.011882100254297256 0.01264370046555996 0.9576740264892578 1.1765999794006348 0.0001610409963177517 2.3746499664412113e-06 1.6962499618530273 1.5328999757766724 63.96049880981445 -0.4927699863910675 0.9984840154647827 0.9984840154647827 0.5293359756469727 0.3382270038127899 0.00016655499348416924 1.5609000456606736e-06 0.9078419804573059 3.318880081176758 0.0001532339956611395 3.3545700262038736e-06 2.70632004737854 5.991560101392679e-06 1.78533002781478e-06 102760517 128 57706560
149251814361908097 229148746670000067 1 0.236335261013671 56392.4877159 181.43615715 34.38120234 0.014689500443637371 0.015796300023794174 0.49296700954437256 1.2210999727249146 0.00015985399659257382 2.5583299247955438e-06 1.9718300104141235 1.5450400114059448 52.72800064086914 -0.29104799032211304 0.9987279772758484 0.9987279772758484 0.5013729929924011 0.6220359802246094 0.00016707699978724122 1.5598300251440378e-06 0.9167320132255554 3.829780101776123 0.0001523100072517991 3.743819888768485e-06 3.054219961166382 5.936659817962209e-06 1.754050003910379e-06 102760517 128 24152128
149251814361908097 185767050550000120 4 0.397005255703819 55958.6706914 181.43616747 34.38119886 0.007342679891735315 0.007000059820711613 0.11914099752902985 1.2015000581741333 0.0002439740055706352 3.7686900213884655e-06 0.896664023399353 0.8304679989814758 -22.20989990234375 -0.12583599984645844 0.9980850219726562 0.9980850219726562 1.020650029182434 0.9051640033721924 0.00024525399203412235 2.5398398975085e-06 0.8379999995231628 1.7967300415039062 0.0002301339991390705 5.870459972356912e-06 1.9373199939727783 0.00010152399772778153 6.266180207603611e-06 102760517 128 7374912
149251814361908097 185867078550000107 4 0.788304635126427 55959.670969 181.43613798 34.38117906 0.05082380026578903 0.052247099578380585 1.416200041770935 1.2138899564743042 0.0002443699922878295 7.804000233591069e-06 2.612529993057251 2.489229917526245 -59.740501403808594 0.3019089996814728 0.9997249841690063 0.9997249841690063 1.065310001373291 0.15671800076961517 0.0002486199955455959 2.417129962850595e-06 0.9482979774475098 6.160319805145264 0.0002377579949097708 1.1760100278479513e-05 4.205540180206299 9.805850277189165e-05 6.071590178180486e-06 102760453 128 7342144
149251814361908097 188357722350000108 2 0.452317232687322 55984.5774618 181.43616895 34.38120512 0.0056566400453448296 0.005507580004632473 -0.5616310238838196 1.1261099576950073 0.00018778099911287427 1.8953400058308034e-06 1.0798799991607666 1.0446300506591797 14.768500328063965 -0.1188030019402504 0.9981390237808228 0.9981390237808228 1.1500400304794312 -0.5743669867515564 0.00018487099441699684 1.5761499980726512e-06 0.8684750199317932 2.3125600814819336 0.00017301400657743216 2.305369889654685e-06 2.36040997505188 1.2050099940097425e-05 1.7831599734563497e-06 102760517 128 7342144
149251814361908097 188358782350000096 2 0.67995939653363 55984.5880666 181.43617124 34.38119627 0.006504610180854797 0.0065144700929522514 0.32040300965309143 1.1585500240325928 0.0001913129963213578 2.1924199700151803e-06 1.1048799753189087 1.0648900270462036 -45.572200775146484 -0.10554099828004837 0.9981840252876282 0.9981840252876282 1.1028399467468262 0.7486630082130432 0.0001933839957928285 1.7793399820220657e-06 0.8684750199317932 2.312190055847168 0.00018225700478069484 2.8719000511046033e-06 2.4658100605010986 1.607910053280648e-05 2.210769935118151e-06 102760517 128 7342144
149251814361908097 187046922320000133 3 0.169579854392987 55971.4694895 181.43617293 34.38120092 0.006036850158125162 0.006122029852122068 0.19513699412345886 1.1110999584197998 0.00020887800201307982 2.1284199647197966e-06 1.1696100234985352 1.0944499969482422 50.36909866333008 -0.170197993516922 0.9985030293464661 0.9985030293464661 0.9077879786491394 0.8452860116958618 0.00020877100178040564 1.6449499753434793e-06 0.8645449876785278 2.3120200634002686 0.00019269400218036026 2.796459966702969e-06 2.2422099113464355 2.362449959036894e-05 2.1765599740319885e-06 102760517 128 7374912
149251814361908097 187048061320000135 3 0.111572986572583 55971.4808789 181.43617289 34.38120469 0.008205830119550228 0.00821250956505537 -0.809436023235321 1.0851999521255493 0.0002062599960481748 2.3173899990069913e-06 1.3295799493789673 1.3168200254440308 48.39149856567383 0.03330469876527786 0.9992629885673523 0.9992629885673523 0.8471800088882446 -0.4182640016078949 0.00020608300110325217 1.6171800325537333e-06 0.8996679782867432 3.082590103149414 0.00018853899382520467 3.2021400784287835e-06 2.66021990776062 2.430809945508372e-05 2.204049906140426e-06 102760517 128 7374912
149251814361908097 188258328350000101 1 0.580865292419554 55983.5835408 181.43616158 34.38117839 0.0209158007055521 0.01932070031762123 -1.1260900497436523 1.135699987411499 0.00017645400657784194 4.007410097983666e-06 1.6448299884796143 1.4948300123214722 21.833599090576172 -0.09881819784641266 0.9991970062255859 0.9991970062255859 1.171839952468872 -0.260125994682312 0.00017350900452584028 2.5172998903144617e-06 0.9078329801559448 3.5981600284576416 0.0001573430054122582 5.228930149314692e-06 2.738450050354004 1.628179961699061e-05 3.9853698581282515e-06 102760517 128 7342144
149251814361908097 188259443350000085 1 0.765127097969062 55983.5946908 181.43617052 34.38119103 0.022199900820851326 0.02110699936747551 0.390406996011734 1.171910047531128 0.0001704010064713657 3.511200020511751e-06 1.9008400440216064 1.7766200304031372 24.135900497436523 -0.06456810235977173 0.9992240071296692 0.9992240071296692 1.211609959602356 0.6962360143661499 0.00018204000662080944 2.2473900571640115e-06 0.9273939728736877 4.368299961090088 0.00016660999972373247 4.887229806627147e-06 3.363369941711426 1.2120200153731275e-05 3.0205799248506082e-06 102760453 128 7342144
149251814361908097 196725940410000124 4 0.736839807347245 56068.2595916 181.43617059 34.38120258 0.0060017597861588 0.006137549877166748 -0.28696998953819275 1.0323100090026855 0.000247994001256302 3.480769919406157e-06 0.8513659834861755 0.7763919830322266 52.45750045776367 -0.14315499365329742 0.996271014213562 0.996271014213562 1.0897200107574463 -0.7741349935531616 0.00024352599575649947 2.5208200895576738e-06 0.8185110092163086 1.794119954109192 0.00022421700123231858 4.981290203431854e-06 1.8295700550079346 7.418549648718908e-05 5.5020800573402084e-06 102760517 128 7374912
149251814361908097 196726790410000118 4 0.557771784772884 56068.2680889 181.436169 34.38119786 0.006202830001711845 0.0062444498762488365 0.05086340010166168 1.0296399593353271 0.0002481279952917248 3.4469999263819773e-06 0.88748699426651 0.808106005191803 45.87910079956055 -0.17064200341701508 0.9981750249862671 0.9981750249862671 1.109660029411316 0.9594339728355408 0.00024877299438230693 2.549920054661925e-06 0.8379999995231628 1.7941800355911255 0.00023437499476131052 4.937759968015598e-06 1.8958799839019775 6.621899956371635e-05 5.4222700782702304e-06 102760517 128 7374912
149251814361908097 268125297010000082 2 0.287673201679879 56782.2532377 181.43616472 34.38119414 0.007982759736478329 0.00701260007917881 0.28474700450897217 1.1023199558258057 0.0001843089994508773 1.9620699731603963e-06 1.4853500127792358 1.193660020828247 25.00749969482422 -0.28917500376701355 0.997484028339386 0.9952340126037598 3.7758700847625732 0.7758380174636841 0.00018520699813961983 1.4945900375096244e-06 0.8849009871482849 2.5531399250030518 0.0001731810043565929 2.6069499199365964e-06 2.4918301105499268 1.8991600882145576e-05 1.9408801108511398e-06 102760517 128 7374912
149251814361908097 290164298220000140 3 0.306907917658713 57002.643256 181.43616913 34.38120357 0.007062789984047413 0.0070927501656115055 0.3762759864330292 1.1188100576400757 0.00020382499496918172 2.411969944660086e-06 1.15788996219635 1.1165000200271606 37.73889923095703 -0.39296799898147583 0.9976620078086853 0.9976620078086853 1.022779941558838 0.706712007522583 0.0002062800049316138 1.6487199445691658e-06 0.8645449876785278 2.3104801177978516 0.0001926889963215217 3.652239911389188e-06 2.2003800868988037 6.679489888483658e-05 3.5177899917471223e-06 102760453 128 7374912
149251814361908097 290165334220000123 3 0.362975234503835 57002.6536135 181.43616863 34.381205 0.006290489807724953 0.006297800224274397 -0.45720601081848145 1.0936599969863892 0.00020878399664070457 2.3006600713415537e-06 1.101699948310852 1.080839991569519 -48.7400016784668 -0.47242099046707153 0.998528003692627 0.998528003692627 1.113010048866272 -0.6475229859352112 0.00020645400218199939 1.6456599496450508e-06 0.8448969721794128 2.3104898929595947 0.00019428800442256033 3.4624599720700644e-06 2.1223700046539307 6.147020030766726e-05 3.34732999363041e-06 102760517 128 7374912
149251814361908097 290164990220000163 3 0.0386048881696583 57002.6501695 181.43616548 34.38120079 0.007221859879791737 0.007131599821150303 0.7100859880447388 1.1014699935913086 0.0002102190046571195 2.4228399979620008e-06 1.1970200538635254 1.1665600538253784 -26.11479949951172 -0.40682199597358704 0.9986010193824768 0.9986010193824768 1.075600028038025 0.4776510000228882 0.000214027997571975 1.6697199498594273e-06 0.8849009871482849 2.567189931869507 0.00019869599782396108 3.5748998925555497e-06 2.2119901180267334 6.149279943201691e-05 3.38643008035433e-06 102760517 128 7374912
149251814361908097 290164644220000134 3 0.969705640310147 57002.6467128 181.43617236 34.38120137 0.006478580180555582 0.006307890173047781 0.005973749794065952 1.1098699569702148 0.00020666599448304623 2.2966401047597174e-06 1.1511499881744385 1.058859944343567 -36.26499938964844 -0.5194540023803711 0.9980220198631287 0.9980220198631287 1.0742100477218628 0.9952340126037598 0.00020658900029957294 1.6442500054836273e-06 0.8684750199317932 2.3104701042175293 0.00019219100067857653 3.456940021351329e-06 2.112459897994995 6.350490002660081e-05 3.335150040584267e-06 102760517 128 7374912
149251814361908097 274326424030000181 4 0.39795956145782 56844.2644322 181.43619032 34.38117985 0.0728411003947258 0.0728411003947258 -999.0 1.2870099544525146 3.86889987566974e-05 5.185469944990473e-06 1.0935200452804565 0.9175519943237305 -69.97350311279297 0.04653479903936386 0.9982450008392334 0.9982450008392334 15.79740047454834 -999.0 -0.0003822399885393679 3.503540028759744e-06 0.8684750199317932 2.298880100250244 -999.0 -999.0 -999.0 0.00019031300325877964 1.568039988342207e-05 35651585 0 17827904
149251814361908097 153552909620000113 2 0.0467246650221987 55636.5293313 181.43618369 34.38119154 0.03032829985022545 0.029858600348234177 -0.5860220193862915 1.1232199668884277 0.00020414699974935502 3.941469913115725e-06 2.510200023651123 2.46058988571167 12.745800018310547 0.4017789959907532 0.9998229742050171 0.9998229742050171 1.259060025215149 -0.5578609704971313 0.0002035140059888363 1.5456199662366998e-06 0.9444299936294556 6.154109954833984 0.00019420699391048402 5.786309884570073e-06 4.292779922485352 4.745760088553652e-05 3.1706599656899925e-06 102760453 128 7342144
149251814361908097 153554026620000104 2 0.752470852576635 55636.5405023 181.43617676 34.38119113 0.01822810061275959 0.01742280088365078 -0.973406970500946 1.1569600105285645 0.0001989070005947724 3.12885003950214e-06 1.9692599773406982 1.8445600271224976 25.715700149536133 0.19767799973487854 0.9998400211334229 0.9998400211334229 1.1898900270462036 -0.33035099506378174 0.00019678300304803997 1.5295099728973582e-06 0.9284039735794067 4.615530014038086 0.00017496300279162824 4.291759978514165e-06 3.2218799591064453 4.523940151557326e-05 3.0618900836998364e-06 102760517 128 7374912
149251814361908097 153550247630000133 3 0.149683720571626 55636.5027374 181.43616523 34.38119546 0.015445799566805363 0.014873200096189976 -0.9231529831886292 1.0658799409866333 0.0002162549935746938 3.036399903066922e-06 1.820970058441162 1.7577999830245972 9.738659858703613 0.3892520070075989 0.9992330074310303 0.9992330074310303 1.1467399597167969 -0.3559280037879944 0.0002185339981224388 1.607390004210174e-06 0.922989010810852 4.357409954071045 0.0001942770031746477 4.310560143494513e-06 3.347130060195923 4.357689977041446e-05 2.81380994238134e-06 102760453 128 7374912
149251814361908097 153551454630000149 3 0.318937963171804 55636.5148204 181.4361785 34.38118916 0.026943199336528778 0.025944499298930168 0.03816450014710426 1.088170051574707 0.0002155109978048131 3.7656100175809115e-06 2.458430051803589 2.360460042953491 -6.936970233917236 0.49970000982284546 0.9992349743843079 0.9992349743843079 1.166759967803955 0.9695559740066528 0.0002229149977210909 1.6103000461953343e-06 0.9477459788322449 6.150990009307861 0.00020885099365841597 5.722550213249633e-06 4.362549781799316 4.591999822878279e-05 3.001480081366026e-06 102760453 128 7342144
149251814361908097 159838841620000124 4 0.528330977566848 55699.388599 181.43618204 34.38119796 0.017023000866174698 0.01739020086824894 0.3204460144042969 1.2357499599456787 0.00024383500567637384 6.229350219655316e-06 1.153380036354065 1.1273900270462036 -84.49729919433594 0.10998299717903137 0.9972090125083923 0.9972090125083923 1.1793700456619263 0.7486299872398376 0.0002634880074765533 2.845029939635424e-06 0.8817179799079895 2.5641698837280273 0.00024831900373101234 1.0686700079531875e-05 2.2992100715637207 0.0002384330000495538 1.0609300261421595e-05 102760517 128 7342144
149251814361908097 159839991620000111 4 0.905527221882276 55699.4001035 181.43617301 34.38118943 0.011361000128090382 0.0106734000146389 -0.11395499855279922 1.2931300401687622 0.0002550100034568459 5.2598102229239885e-06 0.9726020097732544 0.8635380268096924 26.997499465942383 0.1130559965968132 0.9980779886245728 0.9980779886245728 1.1700400114059448 -0.9092730283737183 0.0002666309883352369 2.8523099899757653e-06 0.8604310154914856 2.051460027694702 0.0002469730097800493 8.71380962053081e-06 1.9290000200271606 0.00022612100292462856 1.0189900422119536e-05 102760517 128 7342144
149251814361908097 160224997460000164 5 0.100538546313102 55703.2501573 181.43617806 34.38120014 0.021781500428915024 0.021781500428915024 -0.09032540023326874 1.0375499725341797 0.00024868399486877024 9.928209692589007e-06 1.3688900470733643 1.3455599546432495 45.65610122680664 0.4711869955062866 0.9984800219535828 0.9984800219535828 1.2812999486923218 -0.9280290007591248 0.0002817269996739924 4.194030225335155e-06 0.9021919965744019 3.3335399627685547 0.0002590870135463774 1.7454900444136e-05 3.03629994392395 0.000191254002857022 1.3697400390810799e-05 35651585 128 7374912
149251814361908097 160226201460000141 5 0.0753564956368473 55703.2621935 181.43615869 34.3811967 0.025290099903941154 0.025290099903941154 -1.142799973487854 1.031000018119812 0.0002314220037078485 1.0727700100687798e-05 1.5393699407577515 1.4279099702835083 -8.47500991821289 0.4729979932308197 0.9976009726524353 0.9976009726524353 1.2359800338745117 -0.2531239986419678 0.0002112179936375469 3.6145800095255254e-06 0.9094570279121399 3.58981990814209 0.00018876499962061644 1.5313500625779852e-05 2.6278200149536133 0.00019577500643208623 1.371970029140357e-05 35651585 128 7374912
149251814361908097 124527628730000161 5 0.157562269044632 55346.2764632 181.43616176 34.3811976 0.025752900168299675 0.024107199162244797 -1.2608699798583984 1.040369987487793 0.00026306399377062917 9.43708982958924e-06 1.2121399641036987 1.0413000583648682 32.74980163574219 0.33471301198005676 0.9970899820327759 0.9970899820327759 0.9964830279350281 -0.2073570042848587 0.00025075700250454247 4.041599822812714e-06 0.8817179799079895 2.555609941482544 0.00022084500233177096 1.4089399883232545e-05 2.16621994972229 0.00019646399596240371 1.3953300367575139e-05 102760453 128 7374912
149251814361908097 124528871730000164 5 0.350109853176502 55346.2888898 181.43618465 34.38120887 0.022408999502658844 0.022408999502658844 -0.14764399826526642 1.0537899732589722 0.0002520990092307329 1.0389299859525636e-05 1.2547600269317627 1.2202800512313843 19.286300659179688 0.5683940052986145 0.9996169805526733 0.9996169805526733 1.0513299703598022 -0.882623016834259 0.00025247299345210195 4.030639956908999e-06 0.884194016456604 3.066819906234741 0.00022030000400263816 1.4901000213285442e-05 2.295099973678589 0.00019941899518016726 1.3603499610326253e-05 35651585 128 7374912
149251814361908097 223363214620000092 1 0.988756156516034 56334.6323984 181.43619448 34.38119731 0.014605199918150902 0.014539499767124653 -1.4030300378799438 1.1677600145339966 0.0001638289977563545 2.107279897245462e-06 2.0811800956726074 2.0715999603271484 19.687599182128906 -0.13524200022220612 0.9988800287246704 0.9988800287246704 1.2058900594711304 -0.16060799360275269 0.0001648820034461096 1.5592599993397016e-06 0.9342979788780212 4.616049766540527 0.00015037199773360044 2.5424399154871935e-06 3.503380060195923 4.745169917441672e-06 1.4262400327424984e-06 102760517 128 124782656
149251814361908097 223364427620000106 1 0.60713580679813 56334.6445268 181.43617865 34.38120571 0.015860699117183685 0.015422499738633633 0.5684710144996643 1.2144299745559692 0.00016692599456291646 2.174869905502419e-06 2.21274995803833 2.1724600791931152 12.428199768066406 -0.1359120011329651 0.9988570213317871 0.9988570213317871 1.1912000179290771 0.5697150230407715 0.0001706890034256503 1.588290047038754e-06 0.9337679743766785 4.873260021209717 0.0001595920039108023 2.7241599127592053e-06 3.7601699829101562 4.860669832851272e-06 1.4376199715115945e-06 102760517 128 24119360
149251814361908097 228749954420000174 2 0.292535781201474 56388.4997853 181.43617134 34.38119059 0.02555670030415058 0.05616150051355362 -5.10053014755249 1.2261699438095093 0.000185238997801207 5.214819793764036e-06 1.6667499542236328 1.5505000352859497 -85.79100036621094 0.013254799880087376 0.3613330125808716 0.3613330125808716 1.1138399839401245 -3.387110041330743e-07 2.745950041571632e-05 6.296940000538598e-07 0.31181401014328003 3.592989921569824 -999.0 -999.0 -999.0 2.0940999092999846e-05 2.4529199436074123e-06 102760453 128 0
149251814361908097 228246055520000142 3 0.887545132904821 56383.4608249 181.43617747 34.38120177 0.006943690124899149 0.006991059985011816 -0.7101889848709106 1.071179986000061 0.00019741800497286022 2.2017600258550374e-06 1.1509900093078613 1.1062699556350708 -45.39899826049805 0.07542839646339417 0.9978179931640625 0.9978179931640625 1.053820013999939 -0.4775870144367218 0.00019427499501034617 1.579070044499531e-06 0.8817179799079895 2.566580057144165 0.00017823799862526357 2.9210200409579556e-06 2.268739938735962 3.5989200114272535e-05 2.6472000627109082e-06 102760517 128 7374912
149251814361908097 228247290520000127 3 0.68011108849208 56383.4731735 181.43616051 34.38120205 0.006611969787627459 0.006324349902570248 0.20022599399089813 1.095639944076538 0.00019498899928294122 2.137669980584178e-06 1.102970004081726 1.0503300428390503 2.0338499546051025 0.02754889987409115 0.9975240230560303 0.9975240230560303 1.1056100130081177 0.8413040041923523 0.00019499199697747827 1.5880799537626444e-06 0.8645449876785278 2.309950113296509 0.00017694500274956226 2.873490075216978e-06 2.1997599601745605 3.6458601243793964e-05 2.6560699097899487e-06 102760517 128 74483776
149251814361908097 221266335520000138 5 0.385519679063484 56313.6635355 181.43619718 34.38120937 0.022016899660229683 0.02121170051395893 -0.5711060166358948 1.094130039215088 0.00020827300613746047 7.3365599746466614e-06 1.4941500425338745 1.3641799688339233 -36.83489990234375 1.1264899969100952 0.997294008731842 0.997294008731842 1.0559799671173096 -0.5679280161857605 0.00020387799304444343 3.6662499951489735e-06 0.8645449876785278 2.3109400272369385 0.00017524100258015096 1.0359800398873631e-05 2.0889899730682373 0.00010609599848976359 1.072630038834177e-05 102760453 128 24152128
149251814361908097 221267248520000136 5 0.220224698279262 56313.672663 181.43616783 34.38119877 0.02101369947195053 0.01933469995856285 -1.3001400232315063 1.116129994392395 0.000247434014454484 7.782279681123327e-06 1.0743800401687622 0.9588770270347595 -23.93910026550293 0.6079390048980713 0.9977430105209351 0.9977430105209351 1.106850028038025 -0.19355300068855286 0.00023442000383511186 3.903589913534233e-06 0.8645449876785278 2.3109700679779053 0.00021180699695833027 1.0858299901883584e-05 2.0751900672912598 0.0001188710011774674 1.1269399692537263e-05 102760453 128 7374912
149251814361908097 254964934550000172 5 0.195718873474485 56650.6498074 181.43617149 34.38120517 0.024291200563311577 0.025017699226737022 -1.496109962463379 1.0433299541473389 0.00020501899416558444 5.395299922383856e-06 1.5085300207138062 1.3772200345993042 -55.448001861572266 0.749127984046936 0.9986670017242432 0.9986670017242432 1.0242700576782227 -0.13462400436401367 0.00020002199744340032 2.162970076824422e-06 0.9110810160636902 3.5945000648498535 0.00017730800027493387 7.706519681960344e-06 2.800879955291748 9.150849655270576e-05 5.829760084452573e-06 102760453 128 91260992
149251814361908097 229941275600000077 2 0.145290215635011 56400.4129886 181.43617776 34.38119082 0.009425870142877102 0.010209700092673302 0.23084299266338348 1.0688199996948242 0.00017206999473273754 2.1145399387023645e-06 1.5130200386047363 1.3732999563217163 -72.84739685058594 0.022482799366116524 0.9990990161895752 0.9990990161895752 1.0615400075912476 0.8174369931221008 0.00017577799735590816 1.4953200206946349e-06 0.9059590101242065 3.318739891052246 0.00016228199820034206 2.7883900202141376e-06 2.728060007095337 1.9344999600434676e-05 2.088270093736355e-06 102760453 128 124815424
149251814361908097 229942329600000083 2 0.583093351296236 56400.42354 181.43616793 34.38119844 0.008315999992191792 0.00926928035914898 -0.17391200363636017 1.0887199640274048 0.00017056899378076196 2.048270062005031e-06 1.409890055656433 1.2362200021743774 -73.97889709472656 0.0707245022058487 0.9988229870796204 0.9988229870796204 1.0712699890136719 -0.861935019493103 0.00017393600137438625 1.4921399724698858e-06 0.8974570035934448 3.063649892807007 0.00015729099686723202 2.6912700832326664e-06 2.6217501163482666 1.941379923664499e-05 2.043289896391798e-06 102760517 128 124815424
149251814361908097 257359174550000148 4 0.604526149672015 56674.5921014 181.43617393 34.3811979 0.008483580313622952 0.008299170061945915 0.38329800963401794 1.036679983139038 0.00023537600645795465 2.985170112879132e-06 1.1739100217819214 1.150089979171753 1.908210039138794 0.1183909997344017 0.9983980059623718 0.9983980059623718 1.0016000270843506 0.7014989852905273 0.00023613400117028505 1.7351800352116697e-06 0.876010000705719 2.824160099029541 0.00021763000404462218 4.450329925020924e-06 2.3586699962615967 7.500650099245831e-05 3.832210040854989e-06 102760517 128 7374912
149251814361908097 274326181610000133 4 0.0198397170937059 56844.2619974 181.43617649 34.38120287 0.015711599960923195 0.016886400058865547 -1.7498600482940674 1.2742500305175781 0.00025264499709010124 6.225659944902873e-06 1.1783699989318848 1.0883100032806396 -74.66590118408203 0.05655590072274208 0.9970809817314148 0.9970809817314148 1.1132700443267822 -0.08014290034770966 0.000232374994084239 2.8361000659060664e-06 0.8785349726676941 2.5554399490356445 0.00021381200349424034 9.242239684681408e-06 2.074359893798828 0.00017998799739871174 1.0228999599348754e-05 102760517 128 7342144
149251814361908097 268325586570000118 3 0.875448531355195 56784.2561315 181.43617179 34.38121135 0.0052177999168634415 0.004611410200595856 1.4044100046157837 1.0840699672698975 0.00019231300393585116 2.024080004048301e-06 0.9735310077667236 0.8507130146026611 -8.337420463562012 -0.3881550133228302 0.9987890124320984 0.9987890124320984 1.0005799531936646 0.16019800305366516 0.00019653099298011512 1.5949000271575642e-06 0.8405370116233826 2.0425100326538086 0.0001857269962783903 3.0009100555616897e-06 2.068279981613159 4.386089858599007e-05 2.8033200578647666e-06 102760517 128 7374912
149251814361908097 268326677570000115 3 0.237545187806287 56784.2670321 181.43617637 34.38120852 0.005517929792404175 0.005243630148470402 0.635254979133606 1.064560055732727 0.00020005900296382606 2.107339923895779e-06 1.0191400051116943 0.901977002620697 31.347000122070312 -0.17276200652122498 0.9981709718704224 0.9981709718704224 1.0161000490188599 0.5252619981765747 0.00019890899420715868 1.6104800124594476e-06 0.8355630040168762 2.0425798892974854 0.0001864869991550222 2.9983900731167523e-06 2.1172399520874023 4.125560008105822e-05 2.7220598894928116e-06 102760517 128 7374912
149251814361908097 268327770570000126 3 0.838173539227036 56784.2779785 181.43617322 34.38120657 0.005563110113143921 0.005554339848458767 0.255607008934021 1.0495200157165527 0.00019763500313274562 2.0922300336678745e-06 1.0426000356674194 0.9192190170288086 45.49769973754883 -0.12288399785757065 0.9981129765510559 0.9981129765510559 1.0085500478744507 0.7982550263404846 0.00019809999503195286 1.6080599607448676e-06 0.8455110192298889 2.0421600341796875 0.00018600799376145005 2.9583200102933915e-06 2.143630027770996 3.9132301026256755e-05 2.6794400582730304e-06 102760517 128 7374912
149251814361908097 268328866570000115 3 0.129970067301737 56784.288939 181.43618136 34.38120909 0.00458991015329957 0.005003479775041342 1.1234400272369385 1.0387300252914429 0.00019087000691797584 1.9813799099210883e-06 0.9110260009765625 0.8193050026893616 72.66190338134766 -0.042827900499105453 0.9989349842071533 0.9989349842071533 1.0032999515533447 0.26124998927116394 0.0001981410023290664 1.616880012988986e-06 0.8120149970054626 1.7870399951934814 0.0001888270053314045 2.9499899483198533e-06 2.120270013809204 3.945560092688538e-05 2.6067400540341623e-06 102760517 128 24152128
149251814361908097 268135395600000090 2 0.0232130931906524 56782.3542271 181.43616905 34.38119292 0.01523630041629076 0.015215699560940266 -0.07038089632987976 1.050130009651184 0.00018184400687459856 2.358819983783178e-06 2.1250100135803223 1.9266400337219238 -47.32320022583008 0.13233399391174316 0.9990710020065308 0.9990710020065308 1.0985300540924072 -0.9438899755477905 0.00018347900186199695 1.4427899941438227e-06 0.9372950196266174 4.85044002532959 0.00017047299479600042 3.235890062569524e-06 3.6171600818634033 1.7005100744427182e-05 1.885860001493711e-06 102760517 128 7342144
149251814361908097 268136494600000081 2 0.770127160260572 56782.3652135 181.43616847 34.38119271 0.009237180463969707 0.009947329759597778 0.16495400667190552 1.0654499530792236 0.00017953799397218972 2.193329919464304e-06 1.5807100534439087 1.3041599988937378 -55.40290069580078 -0.13484899699687958 0.9993299841880798 0.9993299841880798 1.1040300130844116 0.8689799904823303 0.00018388099852018058 1.5471799770239159e-06 0.904075026512146 3.318470001220703 0.0001667850010562688 2.9407799502223497e-06 2.6733100414276123 2.2491700292448513e-05 2.1977700725983595e-06 102760453 128 7342144
149251814361908097 268137569600000093 2 0.13387294871162 56782.3759656 181.43616888 34.38120508 0.01137709990143776 0.011974199675023556 0.6619499921798706 1.0849100351333618 0.0001774099946487695 2.2110800728114555e-06 1.7065399885177612 1.5987600088119507 -64.94319915771484 0.13036899268627167 0.9990370273590088 0.9990370273590088 1.1334500312805176 0.5080029964447021 0.00018329700105823576 1.4783599908696488e-06 0.9153180122375488 3.8292200565338135 0.00017017600475810468 3.0197500109352404e-06 3.1260299682617188 1.8697099221753888e-05 1.9765800516324816e-06 102760517 128 7342144
#149251814363658500 228751075420000379 2 0.581681477447675 56388.5109908 181.43635183 34.3815117 0.03656940162181854 0.03656940162181854 1.6804499626159668 1.2801100015640259 2.4476999897160567e-05 1.6391700228268746e-06 1.3501499891281128 1.1949100494384766 -86.85810089111328 -0.04319459944963455 0.7403920292854309 0.7403920292854309 1.5303499698638916 0.09286990016698837 1.4587800251320004e-05 4.4309899749350734e-07 0.4656270146369934 2.823199987411499 -999.0 -999.0 -999.0 1.9539200366125442e-05 2.213720108557027e-06 35651585 128 3145728
#149251814365007875 228740116540000160 1 0.2941046611351 56388.4014227 181.43649435 34.38102388 0.031834300607442856 0.031834300607442856 -6.779150009155273 1.02947998046875 3.321650001453236e-05 1.935949967446504e-06 1.616379976272583 1.5099300146102905 -59.552101135253906 -0.2753480076789856 0.7362520098686218 0.7362520098686218 1.246000051498413 -1.20882999790628e-11 1.3720399692829233e-05 5.079789957562753e-07 0.46522200107574463 3.3373000621795654 -999.0 -999.0 -999.0 1.1194199942110572e-05 2.1661001028405735e-06 35651585 128 3145728
