mjd,mag,magerr,expid,ra,dec,programid,catflags
58202.33652,18.70899,0.04540,44833187,181.43615,34.38125,1,0
58205.28663,18.75807,0.04694,45128206,181.43619,34.38125,1,0
58205.30817,18.67840,0.04447,45130359,181.43615,34.38123,1,0
58227.30210,18.66216,0.04399,47329848,181.43621,34.38131,3,0
58227.30398,18.70715,0.04535,47330037,181.43617,34.38127,1,0
58229.26594,18.68830,0.04477,47526244,181.43622,34.38124,3,0
58230.32094,18.62660,0.04296,47631749,181.43611,34.38122,3,32768
58230.33511,18.71313,0.04553,47633167,181.43619,34.38122,1,0
58233.23781,18.66194,0.04398,47923454,181.43617,34.38125,3,0
58233.23908,18.62870,0.04302,47923582,181.43617,34.38125,1,0
58234.19474,18.74063,0.04639,48019153,181.43621,34.38125,3,0
58234.23674,18.70224,0.04520,48023354,181.43620,34.38124,3,0
58235.17743,18.71590,0.04562,48117429,181.43610,34.38122,3,0
58235.23349,18.62208,0.04283,48123035,181.43614,34.38126,3,0
58236.17575,18.72947,0.04604,48217267,181.43621,34.38120,1,0
58236.17669,18.74015,0.04637,48217362,181.43621,34.38121,3,0
58236.23257,18.65345,0.04374,48222950,181.43618,34.38126,1,0
58237.18875,18.81590,0.04884,48318574,181.43626,34.38128,3,0
58237.23192,18.55076,0.04085,48322891,181.43616,34.38129,3,0
58238.17399,18.69763,0.04505,48417105,181.43620,34.38129,3,0
58243.21312,18.73451,0.04620,48921052,181.43617,34.38125,3,0
58244.21419,18.65801,0.04387,49021166,181.43619,34.38124,3,0
58247.19583,18.68931,0.04480,49319351,181.43619,34.38124,3,0
58248.20491,18.68392,0.04464,49420267,181.43617,34.38125,3,0
58248.20583,18.76826,0.04727,49420359,181.43620,34.38124,1,0
58249.21058,18.69521,0.04498,49520842,181.43621,34.38130,3,0
58250.19700,18.74007,0.04637,49619491,181.43615,34.38135,3,0
58255.20029,18.77170,0.04738,50119858,181.43617,34.38125,1,0
58258.17149,18.70770,0.04536,50417002,181.43618,34.38125,1,0
58258.17241,18.68467,0.04466,50417094,181.43619,34.38124,3,0
58259.17272,18.92018,0.05250,50517133,181.43602,34.38144,3,32768
58262.22047,18.72874,0.04601,50821932,181.43616,34.38125,2,32768
58263.25915,18.64010,0.04335,50925809,181.43619,34.38128,2,32768
58267.18497,18.56082,0.04112,51318423,181.43619,34.38139,3,0
58268.17000,18.65936,0.04391,51416935,181.43619,34.38135,3,0
58272.20803,18.68702,0.04473,51820770,181.43619,34.38125,3,0
58272.20896,18.73807,0.04631,51820864,181.43620,34.38125,1,0
58274.23524,18.70318,0.04522,52023509,181.43620,34.38124,3,0
58276.21582,18.68161,0.04457,52221583,181.43619,34.38123,3,0
58276.21676,18.74038,0.04638,52221677,181.43619,34.38123,1,0
58277.19433,18.76786,0.04726,52319442,181.43619,34.38124,3,0
58278.19477,18.73779,0.04630,52419495,181.43621,34.38129,3,0
58279.20496,18.79414,0.04811,52520521,181.43617,34.38124,1,0
58279.20589,18.75018,0.04669,52520615,181.43619,34.38125,3,0
58280.22648,18.70953,0.04542,52622682,181.43617,34.38124,3,0
58281.23716,18.73335,0.04616,52723759,181.43620,34.38123,3,0
58282.24446,18.68992,0.04482,52824497,181.43620,34.38124,1,0
58282.24538,18.74747,0.04660,52824589,181.43619,34.38123,3,0
58283.23818,18.66612,0.04411,52923877,181.43619,34.38124,3,0
58284.21402,18.73884,0.04633,53021469,181.43619,34.38124,3,0
58288.19550,18.72162,0.04579,53419650,181.43617,34.38126,1,0
58292.19402,18.78790,0.04791,53819534,181.43618,34.38126,1,0
58295.17563,18.71502,0.04559,54117719,181.43617,34.38122,1,0
58298.17741,18.75682,0.04690,54417921,181.43617,34.38117,1,0
58303.19800,18.71486,0.04558,54920018,181.43620,34.38122,1,0
58315.16871,18.77613,0.04752,56117173,181.43613,34.38125,1,0
58423.49087,18.59684,0.04212,66949381,181.43632,34.38111,1,0
58427.52685,18.74918,0.04666,67352951,181.43625,34.38123,1,0
58430.52508,18.68802,0.04476,67652752,181.43619,34.38124,1,0
58434.52385,18.77591,0.04752,68052599,181.43637,34.38118,1,0
58437.50905,18.70215,0.04519,68351096,181.43618,34.38128,3,0
58437.50996,18.70470,0.04527,68351187,181.43618,34.38124,1,0
58438.49211,18.68184,0.04458,68449394,181.43618,34.38124,3,0
58440.48529,18.67915,0.04450,68648696,181.43617,34.38123,3,0
58440.48621,18.64878,0.04360,68648788,181.43616,34.38124,1,0
58441.48558,18.69181,0.04488,68748717,181.43619,34.38122,3,0
58442.51623,18.78554,0.04783,68851774,181.43617,34.38124,3,32768
58443.53438,18.69780,0.04506,68953581,181.43615,34.38124,1,0
58443.53537,18.67267,0.04430,68953679,181.43616,34.38123,3,0
58450.48574,18.61549,0.04264,69648658,181.43621,34.38123,1,0
58450.48671,18.59817,0.04215,69648755,181.43619,34.38126,3,0
58461.48665,18.66091,0.04395,70748656,181.43618,34.38124,3,0
58461.48758,18.71859,0.04570,70748748,181.43618,34.38123,1,0
58464.50551,18.63133,0.04309,71050516,181.43616,34.38123,3,0
58464.50644,18.60047,0.04222,71050608,181.43615,34.38125,1,0
58467.46487,18.70084,0.04515,71346427,181.43613,34.38129,1,32768
58467.47433,18.76859,0.04728,71347372,181.43614,34.38122,3,32768
58468.55325,18.66772,0.04416,71455255,181.43617,34.38125,3,0
58469.51633,18.63809,0.04329,71551555,181.43620,34.38123,3,0
58471.50825,18.68734,0.04474,71750730,181.43618,34.38127,3,0
58471.50917,18.68526,0.04468,71750822,181.43623,34.38124,1,0
58472.52821,18.70739,0.04535,71852717,181.43614,34.38124,3,0
58480.51925,18.66683,0.04413,72651755,181.43613,34.38128,1,0
58486.54540,18.60589,0.04237,73254324,181.43620,34.38127,3,0
58486.54640,18.69858,0.04508,73254423,181.43616,34.38126,1,0
58487.48870,18.61848,0.04273,73348646,181.43619,34.38124,3,0
58491.47488,18.65001,0.04363,73747234,181.43624,34.38125,3,0
58491.47581,18.60268,0.04228,73747327,181.43623,34.38121,1,0
58492.53130,18.68932,0.04480,73852869,181.43617,34.38125,3,0
58493.54038,18.64893,0.04360,73953769,181.43615,34.38123,3,0
58494.49628,18.66659,0.04412,74049353,181.43618,34.38123,1,0
58494.49769,18.67583,0.04440,74049494,181.43618,34.38122,3,0
58502.47149,18.72785,0.04599,74846820,181.43619,34.38117,3,0
58502.47250,18.61163,0.04253,74846921,181.43612,34.38125,1,0
58505.45338,18.83954,0.04964,75144990,181.43617,34.38142,3,0
58505.45485,18.77847,0.04760,75145137,181.43617,34.38117,1,0
58506.48756,18.69691,0.04503,75248402,181.43623,34.38132,3,0
58507.48551,18.78188,0.04771,75348192,181.43600,34.38114,3,0
58508.54199,18.62647,0.04295,75453834,181.43608,34.38123,1,0
58508.54292,18.57236,0.04144,75453927,181.43619,34.38126,3,0
58509.53426,18.59485,0.04206,75553055,181.43616,34.38126,3,0
58511.45094,18.62047,0.04278,75744712,181.43618,34.38124,3,0
58511.45186,18.69383,0.04494,75744805,181.43617,34.38124,1,0
58522.44356,18.60635,0.04238,76843923,181.43605,34.38135,1,0
58522.44503,18.66056,0.04394,76844070,181.43617,34.38135,3,0
58524.42952,18.67388,0.04434,77042512,181.43624,34.38137,3,0
58526.44475,18.65503,0.04378,77244027,181.43621,34.38117,3,0
58526.44569,18.59465,0.04205,77244122,181.43620,34.38123,1,0
58538.32385,18.62342,0.04287,78431907,181.43613,34.38131,3,32768
58538.32485,18.68388,0.04464,78432008,181.43615,34.38132,1,32768
58540.36335,18.61426,0.04261,78635854,181.43618,34.38123,3,0
58543.30277,18.59340,0.04202,78929792,181.43628,34.38129,1,0
58543.31585,18.59231,0.04199,78931100,181.43619,34.38129,3,32768
58546.27358,18.59134,0.04196,79226871,181.43626,34.38124,3,0
58556.37373,18.52559,0.04018,80236888,181.43631,34.38119,3,0
58556.37466,18.67445,0.04436,80236981,181.43635,34.38124,1,0
58558.38420,18.58000,0.04165,80437937,181.43620,34.38122,3,0
58559.33887,18.54508,0.04070,80533406,181.43616,34.38126,1,0
58560.25990,18.56439,0.04122,80625510,181.43619,34.38125,3,0
58561.32496,18.43704,0.03795,80732018,181.43616,34.38117,3,0
58567.26245,18.60059,0.04222,81325778,181.43614,34.38133,3,0
58567.26337,18.58749,0.04185,81325871,181.43622,34.38130,1,0
58568.25457,18.58891,0.04189,81424994,181.43619,34.38125,3,0
58572.26409,18.58283,0.04173,81825957,181.43617,34.38122,3,0
58572.26500,18.57863,0.04161,81826048,181.43617,34.38121,1,0
58574.34274,18.56997,0.04137,82033829,181.43617,34.38124,3,32768
58575.31699,18.68110,0.04456,82131258,181.43616,34.38123,1,0
58580.24510,18.59218,0.04199,82624087,181.43616,34.38124,3,0
58580.24604,18.52908,0.04028,82624181,181.43618,34.38124,1,0
58582.33379,18.56228,0.04116,82832966,181.43619,34.38124,3,0
58584.27571,18.55420,0.04095,83027166,181.43618,34.38121,1,0
58585.25919,18.58812,0.04187,83125519,181.43618,34.38124,3,0
58586.17799,18.63989,0.04334,83217403,181.43616,34.38122,3,0
58587.23780,18.50003,0.03952,83323390,181.43617,34.38125,3,0
58587.37727,18.47794,0.03896,83337337,181.43621,34.38124,1,0
58588.27881,18.56089,0.04113,83427496,181.43611,34.38112,3,32768
58589.15544,18.70554,0.04530,83515164,181.43625,34.38133,3,0
58591.19521,18.65149,0.04368,83719152,181.43619,34.38123,3,0
58591.21487,18.49254,0.03933,83721118,181.43619,34.38123,1,0
58592.17808,18.71239,0.04551,83817444,181.43615,34.38126,3,0
58594.23002,18.60458,0.04233,84022650,181.43616,34.38127,1,0
58594.23106,18.53915,0.04054,84022754,181.43618,34.38123,3,0
58596.19549,18.59259,0.04200,84219209,181.43621,34.38125,3,0
58597.27804,18.50740,0.03971,84327471,181.43618,34.38124,3,0
58597.27896,18.57340,0.04147,84327562,181.43619,34.38125,1,0
58598.23582,18.58283,0.04173,84423254,181.43619,34.38124,3,0
58599.19617,18.53257,0.04037,84519295,181.43619,34.38125,3,0
58600.23292,18.58713,0.04184,84622976,181.43621,34.38124,1,0
58601.24835,18.59256,0.04200,84724526,181.43621,34.38123,3,0
58606.39573,18.56179,0.04115,85239298,181.43620,34.38124,3,0
58606.39663,18.50062,0.03954,85239388,181.43620,34.38123,1,0
58607.30346,18.52591,0.04019,85330078,181.43619,34.38123,3,0
58608.28145,18.58547,0.04180,85427884,181.43619,34.38126,3,0
58609.21511,18.53424,0.04041,85521256,181.43620,34.38125,1,0
58609.21615,18.56363,0.04120,85521361,181.43619,34.38123,3,0
58612.25966,18.56658,0.04128,85825733,181.43619,34.38124,3,0
58612.26057,18.53717,0.04049,85825825,181.43620,34.38125,1,0
58619.22991,18.53731,0.04049,86522811,181.43614,34.38128,1,0
58619.23089,18.53395,0.04040,86522909,181.43615,34.38123,3,0
58628.19745,18.53086,0.04032,87419636,181.43619,34.38123,3,0
58628.19837,18.52237,0.04010,87419729,181.43620,34.38123,1,0
58633.22511,18.54613,0.04073,87922444,181.43620,34.38125,3,0
58633.22703,18.56092,0.04113,87922636,181.43619,34.38123,1,0
58634.22014,18.57908,0.04162,88021954,181.43622,34.38124,3,0
58635.19850,18.53436,0.04042,88119799,181.43619,34.38124,3,0
58636.23841,18.55920,0.04108,88223798,181.43622,34.38124,1,0
58636.24321,18.51737,0.03997,88224278,181.43620,34.38122,3,0
58637.22442,18.50164,0.03956,88322408,181.43618,34.38124,3,0
58638.20279,18.58613,0.04182,88420253,181.43620,34.38123,3,0
58639.22473,18.60586,0.04237,88522456,181.43620,34.38124,1,0
58639.22566,18.56474,0.04123,88522548,181.43619,34.38123,3,0
58642.20201,18.54826,0.04079,88820208,181.43620,34.38124,1,0
58645.19645,18.50872,0.03974,89119677,181.43619,34.38123,1,0
58648.18372,18.56441,0.04122,89418429,181.43618,34.38124,1,0
58651.17167,18.62111,0.04280,89717248,181.43620,34.38119,1,0
58654.26208,18.62321,0.04286,90026314,181.43619,34.38123,1,0
58658.20206,18.54651,0.04074,90420344,181.43621,34.38125,1,0
58661.22280,18.50229,0.03958,90722443,181.43620,34.38122,1,0
58667.20577,18.53185,0.04035,91320785,181.43621,34.38124,1,0
58670.20166,18.54734,0.04076,91620396,181.43619,34.38124,1,0
58676.18236,18.47180,0.03880,92218510,181.43619,34.38123,1,0
58677.17370,18.54987,0.04083,92317650,181.43616,34.38122,3,0
58679.17700,18.55374,0.04093,92517994,181.43623,34.38123,1,0
