mjd,mag,magerr,expid,ra,dec,programid,catflags
58214.22073,18.37825,0.03725,46021648,181.43619,34.38125,1,32768
58215.24340,18.52168,0.04121,46123918,181.43617,34.38126,3,0
58216.24074,18.59440,0.04342,46223657,181.43622,34.38122,3,0
58217.24130,18.48252,0.04008,46323717,181.43618,34.38121,3,0
58217.24225,18.50948,0.04086,46323812,181.43617,34.38122,1,0
58217.31229,18.48306,0.04010,46330817,181.43617,34.38124,1,0
58217.31323,18.49839,0.04054,46330910,181.43622,34.38123,3,0
58218.24762,18.57517,0.04282,46424354,181.43619,34.38123,3,0
58218.25816,18.55039,0.04207,46425408,181.43622,34.38123,2,0
58218.30233,18.53016,0.04146,46429825,181.43622,34.38123,3,0
58219.22222,18.53623,0.04164,46521819,181.43619,34.38126,2,0
58219.24559,18.59445,0.04342,46524156,181.43611,34.38124,3,0
58219.26750,18.48604,0.04018,46526347,181.43618,34.38126,3,0
58221.21991,18.52829,0.04141,46721597,181.43616,34.38132,3,0
58221.24972,18.44877,0.03914,46724578,181.43626,34.38143,3,0
58222.26624,18.59051,0.04329,46826236,181.43620,34.38127,2,0
58224.22140,18.56034,0.04237,47021761,181.43620,34.38124,1,32768
58224.23075,18.53570,0.04163,47022696,181.43619,34.38126,3,0
58224.24211,18.53190,0.04151,47023833,181.43616,34.38126,2,32768
58224.28755,18.62624,0.04442,47028377,181.43613,34.38128,3,0
58224.28850,18.56153,0.04240,47028472,181.43624,34.38125,1,0
58226.25796,18.52959,0.04145,47225429,181.43618,34.38123,3,0
58231.19003,18.56992,0.04266,47718664,181.43619,34.38122,3,0
58231.28054,18.49780,0.04052,47727716,181.43621,34.38128,2,0
58233.18087,18.48705,0.04021,47917760,181.43616,34.38124,3,0
58233.18233,18.52628,0.04135,47917906,181.43616,34.38126,1,0
58242.29221,18.50354,0.04068,48828954,181.43616,34.38123,1,0
58243.17489,18.52649,0.04135,48917229,181.43618,34.38126,3,0
58244.17537,18.51183,0.04092,49017284,181.43618,34.38123,3,0
58245.17630,18.47127,0.03976,49117384,181.43617,34.38123,3,0
58245.17723,18.57277,0.04275,49117478,181.43618,34.38123,1,0
58246.23663,18.49260,0.04037,49223424,181.43617,34.38132,3,0
58247.23810,18.51541,0.04103,49323579,181.43620,34.38130,3,0
58248.23941,18.52492,0.04131,49423717,181.43619,34.38126,1,0
58248.24034,18.51007,0.04087,49423811,181.43621,34.38128,3,0
58249.23753,18.44930,0.03915,49523537,181.43623,34.38143,3,0
58254.19504,18.46889,0.03970,50019326,181.43617,34.38124,3,0
58255.24098,18.52175,0.04121,50123928,181.43617,34.38126,1,0
58255.24284,18.55737,0.04228,50124114,181.43618,34.38125,3,0
58256.24737,18.45452,0.03930,50224575,181.43620,34.38127,3,0
58256.28010,18.43743,0.03883,50227848,181.43616,34.38125,2,0
58257.23643,18.50461,0.04071,50323489,181.43617,34.38124,3,0
58258.21344,18.56123,0.04239,50421197,181.43616,34.38123,1,0
58258.21438,18.52911,0.04143,50421291,181.43617,34.38125,3,0
58262.20291,18.50669,0.04078,50820177,181.43620,34.38133,2,32768
58262.25321,18.58624,0.04316,50825207,181.43621,34.38134,2,32768
58263.23510,18.46304,0.03953,50923403,181.43618,34.38128,2,32768
58266.25192,18.53340,0.04156,51225111,181.43616,34.38123,1,0
58266.25284,18.51614,0.04105,51225202,181.43618,34.38124,3,0
58267.28997,18.59026,0.04329,51328924,181.43617,34.38123,3,0
58269.18278,18.49312,0.04038,51518221,181.43617,34.38129,3,0
58269.18372,18.45338,0.03926,51518314,181.43618,34.38129,1,0
58272.18238,18.50942,0.04085,51818206,181.43618,34.38124,1,0
58272.18332,18.53103,0.04149,51818299,181.43617,34.38123,3,0
58274.19999,18.50779,0.04081,52019983,181.43618,34.38125,3,0
58276.19995,18.55729,0.04227,52219996,181.43617,34.38123,3,0
58276.20088,18.50937,0.04085,52220089,181.43617,34.38123,1,0
58277.23551,18.48882,0.04026,52323561,181.43616,34.38124,3,0
58278.23794,18.47483,0.03986,52423812,181.43616,34.38124,3,0
58279.17220,18.53455,0.04159,52517246,181.43620,34.38124,3,0
58279.18631,18.48935,0.04028,52518657,181.43620,34.38124,1,0
58280.17511,18.58549,0.04314,52617545,181.43621,34.38124,3,0
58281.19496,18.49783,0.04052,52719539,181.43618,34.38123,3,0
58282.19465,18.54637,0.04195,52819516,181.43618,34.38123,3,0
58282.19558,18.52868,0.04142,52819608,181.43618,34.38124,1,0
58283.21541,18.60893,0.04387,52921600,181.43616,34.38124,3,0
58284.20238,18.54145,0.04180,53020305,181.43619,34.38123,3,0
58288.24842,18.47388,0.03984,53424943,181.43618,34.38124,1,0
58292.23531,18.46664,0.03963,53823664,181.43619,34.38125,1,0
58295.23886,18.52846,0.04141,54124042,181.43619,34.38123,1,0
58298.25624,18.54093,0.04178,54425804,181.43618,34.38125,1,0
58303.17827,19.16198,0.06595,54918045,181.43606,34.38152,1,32768
58306.17190,18.56344,0.04246,55217430,181.43619,34.38125,1,0
58324.16196,18.40555,0.03797,57016554,181.43618,34.38129,1,0
58423.54284,18.38890,0.03753,66954578,181.43618,34.38123,1,0
58427.48938,18.57379,0.04278,67349204,181.43614,34.38127,1,0
58430.47522,18.47028,0.03974,67647767,181.43618,34.38122,1,0
58434.46855,18.63708,0.04477,68047069,181.43594,34.38110,1,32768
58440.55259,18.45723,0.03937,68655425,181.43617,34.38123,3,0
58440.55649,18.46657,0.03963,68655815,181.43617,34.38121,1,0
58443.47202,18.45465,0.03930,68947344,181.43618,34.38124,1,0
58443.47293,18.45808,0.03939,68947436,181.43615,34.38122,3,0
58447.47310,18.45865,0.03941,69347420,181.43619,34.38121,1,0
58447.47401,18.43271,0.03870,69347511,181.43611,34.38125,3,0
58447.52462,18.48693,0.04021,69352571,181.43620,34.38123,3,0
58447.53601,18.44188,0.03895,69353710,181.43625,34.38125,1,0
58448.50249,18.52501,0.04131,69450350,181.43616,34.38125,3,0
58448.54623,18.43999,0.03890,69454724,181.43618,34.38123,3,0
58449.52710,18.49116,0.04033,69552803,181.43618,34.38124,3,0
58455.46488,18.49390,0.04041,70146530,181.43615,34.38126,3,0
58461.54770,18.45039,0.03918,70754760,181.43617,34.38123,3,0
58464.54950,18.47568,0.03989,71054914,181.43616,34.38125,3,0
58464.55041,18.46066,0.03947,71055005,181.43619,34.38123,1,0
58465.50694,18.49279,0.04037,71150650,181.43618,34.38122,3,0
58467.53699,18.64804,0.04513,71353637,181.43604,34.38126,1,32768
58468.51581,18.45309,0.03926,71451511,181.43618,34.38122,3,0
58471.54867,18.47606,0.03990,71754771,181.43620,34.38123,3,0
58471.54959,18.47507,0.03987,71754864,181.43618,34.38123,1,0
58474.49545,18.43163,0.03867,72049425,181.43617,34.38123,1,0
58474.49637,18.50459,0.04071,72049517,181.43614,34.38122,3,0
58480.54664,18.44058,0.03891,72654495,181.43617,34.38124,1,0
58486.50827,18.45655,0.03935,73250611,181.43616,34.38125,3,0
58486.50918,18.45798,0.03939,73250702,181.43615,34.38123,1,0
58487.53483,18.41631,0.03825,73353259,181.43616,34.38124,3,0
58491.53327,18.46080,0.03947,73753072,181.43619,34.38123,1,0
58491.53419,18.44440,0.03902,73753165,181.43618,34.38126,3,0
58492.48700,18.40388,0.03792,73848439,181.43617,34.38123,3,0
58493.51242,18.43373,0.03872,73950974,181.43618,34.38124,3,0
58494.44368,18.45222,0.03923,74044093,181.43617,34.38122,1,0
58494.45307,18.51761,0.04109,74045032,181.43618,34.38121,3,0
58502.55307,18.45619,0.03934,74854978,181.43616,34.38124,3,0
58502.55400,18.46955,0.03972,74855070,181.43618,34.38123,1,0
58503.48871,18.43975,0.03889,74948535,181.43613,34.38122,3,0
58505.53112,18.56369,0.04247,75152765,181.43617,34.38120,1,0
58505.53204,18.37410,0.03714,75152856,181.43617,34.38129,3,0
58506.55557,18.38826,0.03751,75255203,181.43614,34.38115,3,0
58508.46693,18.46567,0.03961,75446328,181.43618,34.38123,3,0
58508.47699,18.53949,0.04174,75447334,181.43618,34.38123,1,0
58509.46509,18.47593,0.03990,75546138,181.43615,34.38127,3,0
58511.39252,18.42486,0.03848,75738871,181.43619,34.38125,1,0
58512.45731,18.49779,0.04052,75845344,181.43615,34.38121,3,32768
58514.42677,18.37981,0.03729,76042281,181.43615,34.38121,1,32768
58514.42770,18.35848,0.03674,76042373,181.43616,34.38122,3,32768
58522.53777,18.41254,0.03815,76853344,181.43619,34.38121,3,0
58522.53870,18.38838,0.03751,76853437,181.43619,34.38121,1,0
58524.47251,18.46490,0.03959,77046811,181.43620,34.38123,3,0
58526.49521,18.43529,0.03877,77249074,181.43614,34.38125,1,0
58526.49614,18.36861,0.03700,77249166,181.43619,34.38129,3,0
58534.38203,18.31267,0.03560,78037733,181.43614,34.38137,1,0
58534.38342,18.28935,0.03503,78037872,181.43624,34.38144,3,0
58538.34475,18.55568,0.04223,78433997,181.43619,34.38136,1,32768
58539.33413,18.48488,0.04015,78532934,181.43618,34.38128,3,32768
58540.33585,18.41894,0.03832,78633104,181.43620,34.38124,3,0
58543.34533,18.41558,0.03823,78934048,181.43619,34.38123,3,0
58547.31473,18.45400,0.03928,79330986,181.43617,34.38122,3,0
58557.26761,18.44854,0.03913,80326277,181.43630,34.38130,3,0
58558.33251,18.46899,0.03970,80432768,181.43619,34.38125,3,0
58559.25944,18.44357,0.03899,80525462,181.43617,34.38125,3,0
58559.26035,18.43439,0.03874,80525554,181.43616,34.38121,1,0
58560.34514,18.46467,0.03958,80634034,181.43617,34.38124,3,0
58567.25374,18.45149,0.03921,81324908,181.43618,34.38120,1,0
58568.28317,18.38288,0.03737,81427854,181.43617,34.38123,3,0
58572.29500,18.44956,0.03916,81829048,181.43618,34.38123,3,0
58572.29668,18.48014,0.04001,81829216,181.43617,34.38121,1,0
58573.26248,18.40045,0.03783,81925799,181.43620,34.38123,3,0
58575.24051,18.41677,0.03827,82123609,181.43612,34.38126,3,32768
58575.25360,18.45352,0.03927,82124918,181.43618,34.38122,1,32768
58580.28667,18.39578,0.03771,82628245,181.43619,34.38123,3,0
58580.28759,18.39915,0.03780,82628336,181.43620,34.38121,1,0
58581.26078,18.41898,0.03833,82725660,181.43618,34.38124,3,0
58584.30290,18.35521,0.03666,83029886,181.43619,34.38124,3,0
58584.32147,18.36668,0.03695,83031743,181.43619,34.38121,1,0
58585.31368,18.37955,0.03728,83130968,181.43617,34.38123,3,0
58586.25194,18.36468,0.03690,83224799,181.43621,34.38124,3,0
58587.28051,18.34119,0.03630,83327662,181.43618,34.38124,3,0
58587.28143,18.38596,0.03745,83327753,181.43619,34.38121,1,0
58588.34612,18.21120,0.03322,83434228,181.43623,34.38127,3,32768
58589.25563,18.37253,0.03710,83525184,181.43613,34.38125,3,0
58591.35548,18.37111,0.03707,83735180,181.43622,34.38124,1,0
58591.35648,18.36195,0.03683,83735280,181.43618,34.38123,3,0
58592.27311,18.35861,0.03674,83826947,181.43616,34.38125,3,0
58594.32232,18.42913,0.03860,84031880,181.43618,34.38123,3,0
58594.32332,18.36903,0.03701,84031981,181.43617,34.38122,1,0
58597.33098,18.39821,0.03777,84332765,181.43615,34.38125,1,0
58597.33191,18.40454,0.03794,84332857,181.43619,34.38124,3,0
58601.27607,18.40569,0.03797,84727298,181.43619,34.38123,3,0
58602.28638,18.38610,0.03745,84828336,181.43615,34.38125,3,0
58606.20706,18.40383,0.03792,85220430,181.43619,34.38123,1,0
58607.23534,18.38141,0.03733,85323266,181.43618,34.38125,3,0
58608.23808,18.37936,0.03728,85423547,181.43619,34.38123,3,0
58612.21538,18.38662,0.03747,85821305,181.43620,34.38124,1,0
58612.21640,18.41047,0.03810,85821407,181.43618,34.38125,3,0
58616.15583,18.31827,0.03573,86215379,181.43619,34.38122,3,0
58617.25703,18.34024,0.03628,86325508,181.43617,34.38123,3,0
58618.30592,18.62449,0.04437,86430405,181.43620,34.38120,3,32768
58619.19717,18.30343,0.03537,86519537,181.43624,34.38126,3,0
58619.19809,18.05931,0.03004,86519629,181.43649,34.38115,1,32768
58628.30384,18.40513,0.03796,87430276,181.43620,34.38123,3,0
58628.30985,18.38030,0.03730,87430877,181.43620,34.38122,1,0
58632.17904,18.41715,0.03828,87817828,181.43620,34.38125,3,0
58633.19676,18.37876,0.03726,87919608,181.43619,34.38124,3,0
58633.19767,18.39246,0.03762,87919700,181.43618,34.38122,1,0
58634.25881,18.33868,0.03624,88025822,181.43618,34.38123,3,0
58635.26372,18.39335,0.03764,88126321,181.43619,34.38120,3,0
58637.19630,18.34021,0.03628,88319596,181.43619,34.38124,3,0
58638.22428,18.37138,0.03707,88422402,181.43618,34.38124,3,0
58639.18018,18.30936,0.03551,88518000,181.43620,34.38123,3,0
58639.18210,18.35504,0.03665,88518192,181.43615,34.38123,1,0
58642.22187,18.36473,0.03690,88822194,181.43619,34.38123,1,0
58648.19555,18.35944,0.03677,89419612,181.43618,34.38125,1,0
58651.23389,18.29211,0.03510,89723471,181.43618,34.38122,1,0
58654.17387,18.31893,0.03575,90017493,181.43618,34.38123,1,0
58658.18087,18.33148,0.03606,90418225,181.43621,34.38125,1,0
58661.19866,18.34063,0.03629,90720028,181.43617,34.38125,1,0
58667.22379,18.32582,0.03592,91322587,181.43619,34.38122,1,0
58670.18514,18.37105,0.03706,91618745,181.43618,34.38124,1,0
58673.20282,18.36613,0.03694,91920534,181.43619,34.38123,1,0
58676.19425,18.41896,0.03833,92219699,181.43621,34.38122,1,0
58677.19983,18.33599,0.03617,92320263,181.43624,34.38124,3,0
58679.20175,18.34117,0.03630,92520469,181.43617,34.38123,1,0
