wavelength	flux_density
3201.60612496913  7.113320E-28
3202.74663500876  4.011036E-28
3203.88733791126  8.910189E-28
3205.02823351672  1.871918E-28
3206.16932166524  6.382040E-28
3207.31060219691  -9.907657E-30
3208.45207495182  4.291971E-28
3209.59373977006  6.163086E-28
3210.73559649173  4.802448E-29
3211.87764495693  1.046114E-27
3213.01988500573  1.175881E-27
3214.16231647825  1.413475E-28
3215.30493921456  1.086479E-28
3216.44775305478  5.475436E-28
3217.59075783897  -3.411118E-28
3218.73395340725  2.943844E-28
3219.87733959971  7.596253E-28
3221.02091625643  8.652409E-28
3222.16468321751  5.054330E-28
3223.30864032304  4.565279E-28
3224.45278741313  1.095618E-27
3225.59712432785  6.498921E-28
3226.74165090731  1.739306E-28
3227.8863669916  2.078967E-28
3229.0312724208  2.899992E-28
3230.17636703502  5.366778E-28
3231.32165067434  2.333979E-28
3232.46712317887  4.164575E-28
3233.61278438869  8.094028E-28
3234.7586341439  1.883989E-28
3235.90467228458  2.731806E-28
3237.05089865085  1.572873E-28
3238.19731308277  7.950393E-28
3239.34391542046  4.695085E-28
3240.490705504  9.410254E-28
3241.63768317348  4.701862E-28
3242.78484826901  6.056213E-28
3243.93220063067  3.747443E-28
3245.07974009855  9.944189E-28
3246.22746651275  6.595234E-28
3247.37537971337  8.460567E-28
3248.52347954049  6.377287E-28
3249.67176583422  6.074079E-28
3250.82023843463  4.891769E-28
3251.96889718183  5.704426E-28
3253.11774191591  3.423978E-28
3254.26677247696  4.267919E-28
3255.41598870508  7.266822E-28
3256.56539044036  7.759212E-28
3257.71497752289  2.684563E-28
3258.86474979276  3.792236E-28
3260.01470709008  3.862682E-28
3261.16484925492  1.545255E-28
3262.31517612739  5.646057E-28
3263.46568754758  3.982878E-28
3264.61638335558  6.858592E-28
3265.76726339149  5.045824E-28
3266.91832749539  8.568464E-28
3268.06957550739  5.278592E-28
3269.22100726757  4.850075E-28
3270.37262261603  4.046456E-28
3271.52442139286  5.765793E-28
3272.67640343815  9.068554E-28
3273.82856859201  4.809927E-28
3274.98091669451  4.083781E-28
3276.13344758576  6.092528E-28
3277.28616110585  3.496554E-28
3278.43905709487  3.064449E-28
3279.59213539291  7.304429E-28
3280.74539584007  6.961634E-28
3281.89883827644  8.603800E-28
3283.05246254211  5.150896E-28
3284.20626847719  5.271658E-28
3285.36025592175  4.277376E-28
3286.5144247159  4.086053E-28
3287.66877469972  5.402464E-28
3288.82330571332  6.450633E-28
3289.97801759678  5.298243E-28
3291.13291019019  7.167904E-28
3292.28798333366  9.585728E-28
3293.44323686727  5.230382E-28
3294.59867063112  5.046845E-28
3295.75428446529  5.757628E-28
3296.91007820989  3.292013E-28
3298.06605170501  4.742123E-28
3299.22220479074  7.367287E-28
3300.37853730717  8.795477E-28
3301.53504909439  6.666423E-28
3302.69173999251  4.375461E-28
3303.84860984161  8.550771E-28
3305.00565848178  6.387116E-28
3306.16288575313  7.341182E-28
3307.32029149574  9.051004E-28
3308.47787554971  8.210490E-28
3309.63563775512  8.648890E-28
3310.79357795208  8.555278E-28
3311.95169598067  4.523517E-28
3313.10999168099  4.249632E-28
3314.26846489313  4.428968E-28
3315.42711545719  5.730381E-28
3316.58594321326  6.750038E-28
3317.74494800144  4.787604E-28
3318.9041296618  3.696209E-28
3320.06348803446  4.787120E-28
3321.2230229595  2.511480E-28
3322.38273427701  5.610714E-28
3323.54262182709  5.093991E-28
3324.70268544984  5.815944E-28
3325.86292498534  8.290532E-28
3327.02334027369  4.969175E-28
3328.18393115498  6.744461E-28
3329.3446974693  5.832153E-28
3330.50563905675  3.063876E-28
3331.66675575743  4.767021E-28
3332.82804741142  4.026553E-28
3333.98951385882  5.636521E-28
3335.15115493971  4.134559E-28
3336.31297049421  5.826455E-28
3337.47496036239  4.249732E-28
3338.63712438435  5.946441E-28
3339.79946240019  4.726156E-28
3340.96197425  3.871331E-28
3342.12465977386  2.925912E-28
3343.28751881188  2.661157E-28
3344.45055120415  3.869557E-28
3345.61375679076  2.793651E-28
3346.7771354118  3.494144E-28
3347.94068690737  3.601155E-28
3349.10441111756  3.597593E-28
3350.26830788247  3.515579E-28
3351.43237704218  3.841927E-28
3352.59661843679  7.270190E-28
3353.7610319064  3.548102E-28
3354.92561729109  3.559025E-28
3356.09037443097  4.119188E-28
3357.25530316611  2.824154E-28
3358.42040333663  5.117645E-28
3359.5856747826  4.021391E-28
3360.75111734413  3.709937E-28
3361.9167308613  2.866324E-28
3363.08251517422  3.450010E-28
3364.24847012296  3.305260E-28
3365.41459554764  1.970268E-28
3366.58089128833  3.413307E-28
3367.74735718514  3.940361E-28
3368.91399307815  1.296322E-28
3370.08079880746  4.145442E-28
3371.24777421317  5.752683E-28
3372.41491913536  4.204124E-28
3373.58223341413  2.215935E-28
3374.74971688957  2.715891E-28
3375.91736940178  2.516681E-28
3377.08519079085  1.173875E-28
3378.25318089687  6.166618E-29
3379.42133955994  4.158771E-29
3380.58966662014  2.095974E-28
3381.75816191758  3.097241E-28
3382.92682529234  3.192460E-28
3384.09565658452  4.437448E-28
3385.26465563422  5.250661E-28
3386.43382228152  4.194852E-28
3387.60315636651  5.121854E-28
3388.7726577293  4.441201E-28
3389.94232620998  3.325113E-28
3391.11216164863  3.851155E-28
3392.28216388536  5.817322E-28
3393.45233276025  4.970118E-28
3394.6226681134  3.097998E-28
3395.7931697849  2.757146E-28
3396.96383761484  5.970433E-28
3398.13467144332  5.242363E-28
3399.30567111044  4.068594E-28
3400.47683645627  3.652831E-28
3401.64816732093  3.411466E-28
3402.8196635445  4.188344E-28
3403.99132496707  5.983175E-28
3405.16315142874  3.704575E-28
3406.3351427696  3.521072E-28
3407.50729882975  3.666795E-28
3408.67961944927  5.295120E-28
3409.85210446826  2.530947E-28
3411.02475372682  4.745589E-28
3412.19756706503  2.997737E-28
3413.370544323  3.686447E-28
3414.54368534081  2.956252E-28
3415.71698995855  4.497382E-28
3416.89045801633  5.593170E-28
3418.06408935423  4.817666E-28
3419.23788381235  4.798001E-28
3420.41184123077  3.847416E-28
3421.58596144961  5.233916E-28
3422.76024430893  3.758697E-28
3423.93468964885  4.883958E-28
3425.10929730945  4.113144E-28
3426.28406713083  4.948335E-28
3427.45899895308  2.851393E-28
3428.63409261629  3.056852E-28
3429.80934796055  4.424084E-28
3430.98476482597  4.886225E-28
3432.16034305263  3.338404E-28
3433.33608248062  3.664948E-28
3434.51198295005  4.594235E-28
3435.688044301  5.504477E-28
3436.86426637356  4.443492E-28
3438.04064900783  2.956397E-28
3439.21719204391  3.566007E-28
3440.39389532188  3.882372E-28
3441.57075868184  4.304679E-28
3442.74778196388  3.656803E-28
3443.9249650081  2.334665E-28
3445.10230765459  3.736199E-28
3446.27980974344  4.393159E-28
3447.45747111475  3.963217E-28
3448.6352916086  4.754173E-28
3449.8132710651  2.921307E-28
3450.99140932433  4.532605E-28
3452.16970622639  4.177755E-28
3453.34816161137  5.221046E-28
3454.52677531937  3.782952E-28
3455.70554719047  3.829968E-28
3456.88447706478  3.324727E-28
3458.06356478238  5.007349E-28
3459.24281018337  4.774095E-28
3460.42221310784  4.628770E-28
3461.60177339588  4.278549E-28
3462.7814908876  3.666039E-28
3463.96136542307  3.239439E-28
3465.1413968424  4.407863E-28
3466.32158498568  3.609484E-28
3467.501929693  2.196727E-28
3468.68243080445  4.082675E-28
3469.86308816013  4.340886E-28
3471.04390160013  3.795607E-28
3472.22487096455  5.410261E-28
3473.40599609347  2.820354E-28
3474.587276827  3.416935E-28
3475.76871300521  3.328023E-28
3476.95030446822  2.660792E-28
3478.13205105611  3.816868E-28
3479.31395260896  2.901273E-28
3480.49600896689  3.069960E-28
3481.67821996998  2.966429E-28
3482.86058545832  2.868470E-28
3484.043105272  3.225772E-28
3485.22577925113  2.723466E-28
3486.40860723579  3.678276E-28
3487.59158906608  2.843310E-28
3488.77472458209  3.166771E-28
3489.95801362391  1.384488E-28
3491.14145603163  2.885071E-28
3492.32505164536  7.244803E-29
3493.50880030518  5.960635E-29
3494.69270185119  2.664058E-28
3495.87675612347  2.657939E-28
3497.06096296213  2.376369E-28
3498.24532220726  2.702937E-28
3499.42983369894  4.337199E-28
3500.61449727728  3.023073E-28
3501.79931278236  3.756335E-28
3502.98428005428  4.257339E-28
3504.16939893314  3.089038E-28
3505.35466925902  3.903217E-28
3506.54009087202  3.876236E-28
3507.72566361223  4.258298E-28
3508.91138731975  2.812057E-28
3510.09726183466  2.995555E-28
3511.28328699707  3.782434E-28
3512.46946264706  4.133506E-28
3513.65578862474  2.962089E-28
3514.84226477018  3.764133E-28
3516.02889092349  3.435702E-28
3517.21566692476  2.612029E-28
3518.40259261408  2.982596E-28
3519.58966783154  2.865262E-28
3520.77689241724  2.427091E-28
3521.96426621128  3.194725E-28
3523.15178905374  3.109889E-28
3524.33946078472  1.628718E-28
3525.52728124431  8.302816E-29
3526.7152502726  6.744062E-29
3527.90336770969  9.083767E-29
3529.09163339567  7.476279E-29
3530.28004717064  6.344766E-29
3531.46860887469  4.725261E-29
3532.6573183479  5.703568E-29
3533.84617543038  7.433423E-29
3535.03517996222  5.252157E-29
3536.22433178351  4.662170E-29
3537.41363073434  1.625171E-28
3538.60307665481  1.515155E-28
3539.79266938501  3.119522E-28
3540.98240876504  4.248481E-28
3542.17229463498  2.833248E-28
3543.36232683493  3.045834E-28
3544.55250520499  2.627578E-28
3545.74282958524  3.061427E-28
3546.93329981578  2.684987E-28
3548.12391573671  2.653654E-28
3549.31467718811  4.020387E-28
3550.50558401009  2.619236E-28
3551.69663604272  1.671492E-28
3552.88783312612  1.981721E-28
3554.07917510036  1.988942E-28
3555.27066180555  1.866690E-28
3556.46229308177  3.228951E-28
3557.65406876912  4.686317E-28
3558.8459887077  3.644655E-28
3560.03805273759  2.426116E-28
3561.23026069889  3.524121E-28
3562.4226124317  3.675812E-28
3563.6151077761  4.699471E-28
3564.80774657219  3.706758E-28
3566.00052866006  3.205506E-28
3567.19345387981  3.247095E-28
3568.38652207152  3.023435E-28
3569.5797330753  3.936831E-28
3570.77308673124  3.621107E-28
3571.96658287942  4.216665E-28
3573.16022135995  3.837460E-28
3574.35400201291  2.975016E-28
3575.5479246784  3.710864E-28
3576.74198919652  3.383187E-28
3577.93619540735  3.709528E-28
3579.13054315098  3.780260E-28
3580.32503226752  4.060109E-28
3581.51966259706  3.500196E-28
3582.71443397968  3.712127E-28
3583.90934625548  2.388850E-28
3585.10439926456  1.919646E-28
3586.29959284701  1.201166E-28
3587.49492684292  2.252692E-28
3588.69040109238  2.537841E-28
3589.88601543549  3.399804E-28
3591.08176971234  3.416060E-28
3592.27766376303  4.707278E-28
3593.47369742765  2.281090E-28
3594.66987054628  4.126089E-28
3595.86618295904  3.798564E-28
3597.06263450599  3.714767E-28
3598.25922502725  4.306691E-28
3599.45595436291  3.495093E-28
3600.65282235305  3.417500E-28
3601.84982883777  2.295351E-28
3603.04697365717  1.717969E-28
3604.24425665133  2.934599E-28
3605.44167766035  2.831808E-28
3606.63923652433  3.341062E-28
3607.83693308336  2.364643E-28
3609.03476717752  1.401734E-28
3610.23273864692  1.204952E-28
3611.43084733165  1.731803E-28
3612.62909307179  2.803022E-28
3613.82747570745  2.616967E-28
3615.02599507872  4.112621E-28
3616.22465102568  2.281235E-28
3617.42344338845  3.659909E-28
3618.62237200709  3.240766E-28
3619.82143672172  3.487916E-28
3621.02063737242  3.276382E-28
3622.21997379928  3.305909E-28
3623.41944584241  3.006922E-28
3624.61905334188  2.830826E-28
3625.81879613781  3.331708E-28
3627.01867407027  4.422291E-28
3628.21868697937  2.648948E-28
3629.41883470519  2.884465E-28
3630.61911708783  2.489856E-28
3631.81953396739  4.014857E-28
3633.02008518395  3.616507E-28
3634.22077057761  2.815567E-28
3635.42158998846  3.673231E-28
3636.62254325659  3.245624E-28
3637.82363022211  4.322112E-28
3639.0248507251  2.541170E-28
3640.22620460565  3.184483E-28
3641.42769170387  1.374237E-28
3642.62931185983  2.024987E-28
3643.83106491364  2.264206E-28
3645.03295070539  1.410891E-28
3646.23496907517  1.621631E-28
3647.43711986307  2.199058E-28
3648.63940290919  2.993479E-28
3649.84181805363  3.233029E-28
3651.04436513647  4.001972E-28
3652.24704399781  3.524817E-28
3653.44985447774  3.827174E-28
3654.65279641635  4.527886E-28
3655.85586965374  3.873036E-28
3657.05907403001  3.100370E-28
3658.26240938523  4.143760E-28
3659.46587555952  3.913723E-28
3660.66947239296  3.419641E-28
3661.87319972564  3.456222E-28
3663.07705739766  1.385016E-28
3664.28104524911  1.982506E-28
3665.48516312008  2.011363E-28
3666.68941085067  1.649192E-28
3667.89378828097  2.692094E-28
3669.09829525108  3.124785E-28
3670.30293160108  3.239240E-28
3671.50769717108  2.736695E-28
3672.71259180115  3.184745E-28
3673.91761533141  2.561591E-28
3675.12276760193  2.764676E-28
3676.32804845282  3.851284E-28
3677.53345772417  3.464181E-28
3678.73899525606  3.010437E-28
3679.9446608886  2.924737E-28
3681.15045446188  3.517885E-28
3682.35637581598  3.475283E-28
3683.56242479101  3.397630E-28
3684.76860122705  2.595616E-28
3685.97490496421  2.984047E-28
3687.18133584257  2.086770E-28
3688.38789370222  1.986772E-28
3689.59457838327  1.645991E-28
3690.80138972579  1.913650E-28
3692.00832756989  2.241550E-28
3693.21539175567  2.504935E-28
3694.4225821232  1.563054E-28
3695.62989851259  1.792910E-28
3696.83734076393  2.318200E-28
3698.04490871731  3.944230E-28
3699.25260221283  3.459622E-28
3700.46042109058  4.054640E-28
3701.66836519065  3.120512E-28
3702.87643435313  3.737037E-28
3704.08462841813  3.259209E-28
3705.29294722572  2.876991E-28
3706.50139061601  3.019470E-28
3707.70995842909  2.860356E-28
3708.91865050506  3.255212E-28
3710.12746668399  3.371362E-28
3711.336406806  4.698660E-28
3712.54547071117  3.503533E-28
3713.75465823959  4.014432E-28
3714.96396923136  3.730063E-28
3716.17340352657  3.501315E-28
3717.38296096532  3.676624E-28
3718.59264138769  4.577886E-28
3719.80244463379  4.902164E-28
3721.0123705437  4.431137E-28
3722.22241895752  3.598388E-28
3723.43258971534  3.709618E-28
3724.64288265725  3.646536E-28
3725.85329762336  3.172387E-28
3727.06383445374  3.595944E-28
3728.2744929885  2.843440E-28
3729.48527306772  4.140297E-28
3730.69617453151  4.452036E-28
3731.90719721995  4.319510E-28
3733.11834097314  4.071332E-28
3734.32960563116  4.908758E-28
3735.54099103413  4.259682E-28
3736.75249702211  3.621182E-28
3737.96412343522  4.063997E-28
3739.17587011355  2.807076E-28
3740.38773689718  3.214979E-28
3741.59972362621  4.309070E-28
3742.81183014073  4.787745E-28
3744.02405628084  4.281907E-28
3745.23640188663  4.412800E-28
3746.4488667982  2.391713E-28
3747.66145085563  2.753348E-28
3748.87415389902  3.031529E-28
3750.08697576846  3.148192E-28
3751.29991630405  3.313997E-28
3752.51297534588  4.613815E-28
3753.72615273405  4.001512E-28
3754.93944830864  4.578613E-28
3756.15286190974  4.513262E-28
3757.36639337747  4.899394E-28
3758.58004255189  5.016634E-28
3759.79380927312  5.382324E-28
3761.00769338124  3.550257E-28
3762.22169471634  4.555285E-28
3763.43581311853  4.598672E-28
3764.65004842789  5.358281E-28
3765.86440048451  4.762564E-28
3767.07886912849  3.917968E-28
3768.29345419992  3.965090E-28
3769.5081555389  3.279914E-28
3770.72297298552  2.417602E-28
3771.93790637987  2.657466E-28
3773.15295556205  2.928233E-28
3774.36812037214  3.653858E-28
3775.58340065025  3.668943E-28
3776.79879623646  4.798751E-28
3778.01430697087  5.442783E-28
3779.22993269357  4.467836E-28
3780.44567324465  4.633191E-28
3781.66152846422  4.824195E-28
3782.87749819235  4.633057E-28
3784.09358226915  4.857792E-28
3785.30978053471  5.366423E-28
3786.52609282912  5.158118E-28
3787.74251899248  4.168858E-28
3788.95905886487  4.155197E-28
3790.17571228639  4.658843E-28
3791.39247909714  5.100079E-28
3792.6093591372  4.806281E-28
3793.82635224668  4.463736E-28
3795.04345826566  3.738363E-28
3796.26067703424  4.186500E-28
3797.47800839251  4.287312E-28
3798.69545218056  3.843005E-28
3799.91300823849  3.162560E-28
3801.13067640639  3.159237E-28
3802.34845652435  5.990794E-28
3803.56634843248  6.221731E-28
3804.78435197085  5.592731E-28
3806.00246697956  5.774553E-28
3807.22069329872  6.006304E-28
3808.4390307684  4.966546E-28
3809.65747922871  5.546630E-28
3810.87603851973  6.409571E-28
3812.09470848156  6.221200E-28
3813.3134889543  6.810013E-28
3814.53237977803  6.413040E-28
3815.75138079285  6.323935E-28
3816.97049183886  7.347645E-28
3818.18971275614  6.832815E-28
3819.40904338479  6.644321E-28
3820.6284835649  5.465676E-28
3821.84803313657  6.432895E-28
3823.0676919399  5.851733E-28
3824.28745981496  5.793009E-28
3825.50733660186  6.822190E-28
3826.72732214068  6.501793E-28
3827.94741627153  7.533096E-28
3829.1676188345  6.982842E-28
3830.38792966968  5.930707E-28
3831.60834861715  7.002091E-28
3832.82887551703  6.935481E-28
3834.04951020939  7.406925E-28
3835.27025253433  9.141803E-28
3836.49110233195  8.796996E-28
3837.71205944234  9.712278E-28
3838.93312370559  9.688087E-28
3840.1542949618  9.521225E-28
3841.37557305105  1.051815E-27
3842.59695781345  1.029410E-27
3843.81844908908  1.087382E-27
3845.04004671804  1.097562E-27
3846.26175054042  1.044109E-27
3847.48356039632  1.129674E-27
3848.70547612582  1.152315E-27
3849.92749756903  1.086850E-27
3851.14962456603  1.050519E-27
3852.37185695691  1.030010E-27
3853.59419458178  1.237837E-27
3854.81663728073  1.446402E-27
3856.03918489384  1.494244E-27
3857.26183726121  1.591777E-27
3858.48459422294  1.371353E-27
3859.70745561911  1.342965E-27
3860.93042128983  1.302047E-27
3862.15349107518  1.311596E-27
3863.37666481526  1.084518E-27
3864.59994235015  9.517373E-28
3865.82332351997  1.027506E-27
3867.04680816478  1.279627E-27
3868.2703961247  1.660410E-27
3869.49408723982  1.679445E-27
3870.71788135022  1.923597E-27
3871.941778296  1.972868E-27
3873.16577791725  2.113159E-27
3874.38988005407  2.240616E-27
3875.61408454655  2.166390E-27
3876.83839123479  2.161500E-27
3878.06279995887  2.072932E-27
3879.28731055889  2.047483E-27
3880.51192287494  2.000792E-27
3881.73663674712  1.957840E-27
3882.96145201552  1.892155E-27
3884.18636852024  1.717720E-27
3885.41138610136  1.769635E-27
3886.63650459898  1.748156E-27
3887.86172385319  1.667522E-27
3889.08704370409  1.658671E-27
3890.31246399176  1.588205E-27
3891.53798455632  1.573984E-27
3892.76360523783  1.569743E-27
3893.98932587641  1.321502E-27
3895.21514631213  1.227463E-27
3896.44106638511  1.013700E-27
3897.66708593542  1.024202E-27
3898.89320480317  1.139500E-27
3900.11942282844  1.200477E-27
3901.34573985132  1.083459E-27
3902.57215571193  1.050434E-27
3903.79867025033  1.062096E-27
3905.02528330664  9.648739E-28
3906.25199472094  1.179169E-27
3907.47880433332  1.059856E-27
3908.70571198388  1.021587E-27
3909.93271751271  9.827994E-28
3911.15982075991  9.503192E-28
3912.38702156557  1.015534E-27
3913.61431976977  9.697030E-28
3914.84171521263  8.988152E-28
3916.06920773422  8.536705E-28
3917.29679717464  6.851754E-28
3918.52448337398  4.921016E-28
3919.75226617235  3.946662E-28
3920.98014540982  4.258408E-28
3922.2081209265  5.133234E-28
3923.43619256248  4.306834E-28
3924.66436015785  6.305030E-28
3925.8926235527  5.381688E-28
3927.12098258713  4.820765E-28
3928.34943710123  5.776346E-28
3929.5779869351  5.469320E-28
3930.80663192882  7.140170E-28
3932.03537192249  7.792382E-28
3933.26420675621  8.047089E-28
3934.49313627006  8.078964E-28
3935.72216030415  7.856064E-28
3936.95127869856  8.871786E-28
3938.18049129338  8.533818E-28
3939.40979792872  7.969723E-28
3940.63919844466  8.576231E-28
3941.86869268129  9.060853E-28
3943.09828047872  8.548536E-28
3944.32796167703  8.589615E-28
3945.55773611631  8.207329E-28
3946.78760363667  8.804459E-28
3948.01756407819  8.410508E-28
3949.24761728096  8.752028E-28
3950.47776308509  9.277157E-28
3951.70800133066  9.346873E-28
3952.93833185776  8.991641E-28
3954.16875450649  8.799471E-28
3955.39926911695  9.072752E-28
3956.62987552922  8.644194E-28
3957.8605735834  8.163045E-28
3959.09136311959  8.585084E-28
3960.32224397787  8.721537E-28
3961.55321599834  8.168860E-28
3962.78427902109  7.858857E-28
3964.01543288622  7.919082E-28
3965.24667743381  7.933252E-28
3966.47801250397  7.489920E-28
3967.70943793678  7.681392E-28
3968.94095357235  7.103574E-28
3970.17255925075  7.056809E-28
3971.40425481209  7.031976E-28
3972.63604009646  7.204397E-28
3973.86791494395  7.246740E-28
3975.09987919466  6.125755E-28
3976.33193268867  6.487967E-28
3977.56407526609  5.734284E-28
3978.796306767  5.683986E-28
3980.02862703149  6.510262E-28
3981.26103589967  5.890099E-28
3982.49353321163  5.561817E-28
3983.72611880745  6.191281E-28
3984.95879252724  5.567689E-28
3986.19155421108  5.466866E-28
3987.42440369906  5.676031E-28
3988.65734083129  5.841433E-28
3989.89036544785  5.404404E-28
3991.12347738884  5.627216E-28
3992.35667649435  5.522393E-28
3993.58996260448  5.660758E-28
3994.82333555931  5.124896E-28
3996.05679519894  5.598438E-28
3997.29034136347  5.788648E-28
3998.52397389298  5.634985E-28
3999.75769262758  5.226289E-28
4000.99149740735  5.124518E-28
4002.22538807238  5.195449E-28
4003.45936446278  5.456416E-28
4004.69342641863  4.922219E-28
4005.92757378002  5.210039E-28
4007.16180638706  5.096385E-28
4008.39612407983  4.832531E-28
4009.63052669843  5.198005E-28
4010.86501408295  4.920510E-28
4012.09958607348  5.088440E-28
4013.33424251011  5.597291E-28
4014.56898323295  4.753341E-28
4015.80380808208  4.841699E-28
4017.0387168976  4.675584E-28
4018.27370951959  4.989157E-28
4019.50878578816  5.061242E-28
4020.74394554339  4.745785E-28
4021.97918862539  4.829511E-28
4023.21451487423  4.827889E-28
4024.44992413003  4.914093E-28
4025.68541623286  4.299096E-28
4026.92099102282  4.922338E-28
4028.15664834001  5.516966E-28
4029.39238802452  4.279872E-28
4030.62820991644  4.278268E-28
4031.86411385587  5.144222E-28
4033.1000996829  4.303277E-28
4034.33616723762  4.439489E-28
4035.57231636012  4.029168E-28
4036.8085468905  4.524054E-28
4038.04485866886  4.544826E-28
4039.28125153527  4.566281E-28
4040.51772532985  4.362292E-28
4041.75427989268  4.585448E-28
4042.99091506386  4.823886E-28
4044.22763068347  4.433738E-28
4045.46442659162  4.371254E-28
4046.70130262839  4.304110E-28
4047.93825863387  4.217823E-28
4049.17529444817  4.037788E-28
4050.41240991138  4.161726E-28
4051.64960486358  4.268338E-28
4052.88687914487  3.994287E-28
4054.12423259535  4.147446E-28
4055.36166505511  3.976339E-28
4056.59917636423  3.624225E-28
4057.83676636282  4.312732E-28
4059.07443489097  4.706063E-28
4060.31218178877  4.085811E-28
4061.55000689631  4.519762E-28
4062.78791005369  3.707186E-28
4064.025891101  4.247431E-28
4065.26394987834  4.262286E-28
4066.50208622579  4.352550E-28
4067.74029998345  3.740646E-28
4068.97859099142  3.475033E-28
4070.21695908979  2.855307E-28
4071.45540411864  2.948996E-28
4072.69392591808  2.157824E-28
4073.93252432819  3.249505E-28
4075.17119918908  3.896249E-28
4076.40995034082  3.782265E-28
4077.64877762353  4.056652E-28
4078.88768087728  3.953072E-28
4080.12665994218  4.084194E-28
4081.36571465831  3.987606E-28
4082.60484486578  4.197937E-28
4083.84405040466  3.747332E-28
4085.08333111507  3.561347E-28
4086.32268683708  4.112183E-28
4087.5621174108  4.015453E-28
4088.80162267631  2.997164E-28
4090.04120247371  3.706378E-28
4091.28085664309  3.431625E-28
4092.52058502455  3.876508E-28
4093.76038745818  3.541081E-28
4095.00026378407  3.753800E-28
4096.24021384232  3.505742E-28
4097.48023747301  3.328613E-28
4098.72033451625  3.719612E-28
4099.96050481212  4.018526E-28
4101.20074820073  4.010664E-28
4102.44106452215  3.395278E-28
4103.68145361649  3.833366E-28
4104.92191532384  3.698766E-28
4106.16244948429  3.593131E-28
4107.40305593794  3.463446E-28
4108.64373452487  3.282471E-28
4109.88448508519  4.092113E-28
4111.12530745898  3.498409E-28
4112.36620148634  3.833775E-28
4113.60716700736  3.110479E-28
4114.84820386213  3.872756E-28
4116.08931189075  4.215357E-28
4117.33049093332  3.826751E-28
4118.57174082992  3.804985E-28
4119.81306142065  3.583723E-28
4121.05445254559  3.616820E-28
4122.29591404486  3.295892E-28
4123.53744575853  3.791571E-28
4124.7790475267  3.640457E-28
4126.02071918946  3.432018E-28
4127.26246058692  3.881079E-28
4128.50427155915  3.736632E-28
4129.74615194626  4.130478E-28
4130.98810158833  3.837598E-28
4132.23012032547  4.325936E-28
4133.47220799776  4.259340E-28
4134.7143644453  3.695409E-28
4135.95658950817  3.447763E-28
4137.19888302649  4.001984E-28
4138.44124484032  3.714346E-28
4139.68367478978  3.448768E-28
4140.92617271495  3.634059E-28
4142.16873845593  4.397192E-28
4143.41137185281  3.902652E-28
4144.65407274568  4.177630E-28
4145.89684097464  3.976846E-28
4147.13967637978  4.580975E-28
4148.38257880119  3.407709E-28
4149.62554807897  4.460831E-28
4150.8685840532  4.104158E-28
4152.11168656399  4.381209E-28
4153.35485545143  3.852598E-28
4154.59809055561  4.511226E-28
4155.84139171662  4.185956E-28
4157.08475877455  3.947166E-28
4158.32819156951  4.388970E-28
4159.57168994157  3.864875E-28
4160.81525373084  4.151303E-28
4162.05888277742  3.939215E-28
4163.30257692138  3.356989E-28
4164.54633600283  4.054036E-28
4165.79015986186  4.256066E-28
4167.03404833856  3.404685E-28
4168.27800127303  4.046820E-28
4169.52201850535  3.888633E-28
4170.76609987563  4.742358E-28
4172.01024522395  3.860099E-28
4173.25445439041  4.109437E-28
4174.4987272151  3.946717E-28
4175.74306353812  3.991625E-28
4176.98746319956  4.028003E-28
4178.23192603951  3.913561E-28
4179.47645189806  3.850960E-28
4180.72104061531  3.922341E-28
4181.96569203135  4.564078E-28
4183.21040598628  4.190050E-28
4184.45518232018  3.929809E-28
4185.70002087316  3.784442E-28
4186.9449214853  3.755617E-28
4188.1898839967  4.334552E-28
4189.43490824745  4.450471E-28
4190.67999407764  4.370489E-28
4191.92514132738  3.808258E-28
4193.17034983674  3.576196E-28
4194.41561944583  3.285116E-28
4195.66094999473  3.242054E-28
4196.90634132354  3.524600E-28
4198.15179327236  4.324897E-28
4199.39730568128  3.402817E-28
4200.64287839039  3.904242E-28
4201.88851123978  3.760065E-28
4203.13420406954  3.447272E-28
4204.37995671978  3.609986E-28
4205.62576903058  3.697882E-28
4206.87164084204  3.720103E-28
4208.11757199425  3.908913E-28
4209.3635623273  3.438249E-28
4210.60961168129  3.149746E-28
4211.85571989631  3.473623E-28
4213.10188681245  3.293506E-28
4214.34811226981  3.124193E-28
4215.59439610848  3.836292E-28
4216.84073816855  3.802608E-28
4218.08713829012  3.226387E-28
4219.33359631328  3.495901E-28
4220.58011207812  3.650313E-28
4221.82668542474  3.691429E-28
4223.07331619322  2.995437E-28
4224.32000422367  3.616232E-28
4225.56674935617  3.178385E-28
4226.81355143083  2.566167E-28
4228.06041028772  1.517712E-28
4229.30732576696  1.922508E-28
4230.55429770862  2.050359E-28
4231.8013259528  2.953764E-28
4233.0484103396  3.661929E-28
4234.2955507091  3.543096E-28
4235.54274690141  3.506623E-28
4236.78999875662  3.554982E-28
4238.03730611481  3.333459E-28
4239.28466881609  4.277228E-28
4240.53208670054  4.378185E-28
4241.77955960826  3.702134E-28
4243.02708737934  4.109478E-28
4244.27466985388  3.843335E-28
4245.52230687196  3.984401E-28
4246.76999827369  4.044851E-28
4248.01774389915  3.406809E-28
4249.26554358844  4.667734E-28
4250.51339718165  3.845993E-28
4251.76130451888  3.838424E-28
4253.00926544021  4.008867E-28
4254.25727978574  3.600194E-28
4255.50534739557  3.731100E-28
4256.75346810979  4.335072E-28
4258.00164176849  3.896983E-28
4259.24986821176  3.932043E-28
4260.4981472797  3.719569E-28
4261.7464788124  3.884979E-28
4262.99486264995  3.774901E-28
4264.24329863246  3.860433E-28
4265.4917866  3.959007E-28
4266.74032639268  3.856962E-28
4267.98891785058  4.028215E-28
4269.2375608138  3.694362E-28
4270.48625512244  4.151743E-28
4271.73500061659  3.618985E-28
4272.98379713633  4.241780E-28
4274.23264452177  3.524621E-28
4275.481542613  3.821860E-28
4276.7304912501  4.488901E-28
4277.97949027318  3.531370E-28
4279.22853952233  3.826635E-28
4280.47763883763  3.767578E-28
4281.72678805919  3.467589E-28
4282.9759870271  3.606900E-28
4284.22523558144  4.037984E-28
4285.47453356232  3.629427E-28
4286.72388080982  3.944247E-28
4287.97327716405  3.492143E-28
4289.22272246508  3.377886E-28
4290.47221655302  3.964736E-28
4291.72175926797  3.452454E-28
4292.97135045  3.696181E-28
4294.22098993922  3.306502E-28
4295.47067757572  3.226964E-28
4296.72041319959  3.474331E-28
4297.97019665093  3.780779E-28
4299.22002776983  3.225111E-28
4300.46990639638  3.866406E-28
4301.71983237067  3.325020E-28
4302.9698055328  3.711657E-28
4304.21982572287  3.864837E-28
4305.46989278096  3.321211E-28
4306.72000654717  3.825674E-28
4307.97016686159  3.632203E-28
4309.22037356432  3.889019E-28
4310.47062649544  3.368950E-28
4311.72092549506  3.369915E-28
4312.97127040326  3.041385E-28
4314.22166106014  3.332299E-28
4315.47209730579  3.527280E-28
4316.72257898031  3.258922E-28
4317.97310592378  2.989638E-28
4319.22367797631  2.648796E-28
4320.47429497797  3.502400E-28
4321.72495676888  3.597997E-28
4322.97566318912  3.716869E-28
4324.22641407879  3.690622E-28
4325.47720927797  3.725024E-28
4326.72804862676  3.452849E-28
4327.97893196526  3.821900E-28
4329.22985913355  3.245726E-28
4330.48082997173  4.187550E-28
4331.7318443199  3.503234E-28
4332.98290201815  3.459346E-28
4334.23400290656  3.034855E-28
4335.48514682524  3.953213E-28
4336.73633361428  3.536513E-28
4337.98756311377  3.670755E-28
4339.2388351638  3.298669E-28
4340.49014960447  3.721405E-28
4341.74150627587  2.990590E-28
4342.99290501809  3.518020E-28
4344.24434567123  3.163856E-28
4345.49582807538  3.762965E-28
4346.74735207063  3.037851E-28
4347.99891749708  3.557350E-28
4349.25052419482  3.673741E-28
4350.50217200394  3.584354E-28
4351.75386076454  3.672552E-28
4353.0055903167  3.443100E-28
4354.25736050054  3.384496E-28
4355.50917115612  3.584230E-28
4356.76102212356  3.770149E-28
4358.01291324294  3.431258E-28
4359.26484435435  3.486701E-28
4360.5168152979  3.203607E-28
4361.76882591366  3.376378E-28
4363.02087604175  3.653363E-28
4364.27296552224  3.662783E-28
4365.52509419523  3.646708E-28
4366.77726190082  3.723387E-28
4368.0294684791  3.364567E-28
4369.28171377016  3.735595E-28
4370.5339976141  3.430023E-28
4371.786319851  4.177671E-28
4373.03868032097  3.522983E-28
4374.29107886409  3.613476E-28
4375.54351532046  3.194997E-28
4376.79598953018  3.555054E-28
4378.04850133333  4.113694E-28
4379.30105057  3.904243E-28
4380.5536370803  3.525577E-28
4381.80626070431  3.496812E-28
4383.05892128213  3.347748E-28
4384.31161865385  3.932088E-28
4385.56435265957  3.832002E-28
4386.81712313938  4.180249E-28
4388.06992993336  3.877965E-28
4389.32277288162  3.992918E-28
4390.57565182425  3.957163E-28
4391.82856660134  3.622767E-28
4393.08151705299  3.769875E-28
4394.33450301928  3.805787E-28
4395.58752434031  3.979365E-28
4396.84058085618  4.040611E-28
4398.09367240697  3.826699E-28
4399.34679883279  3.513193E-28
4400.59995997371  3.844716E-28
4401.85315566985  3.711307E-28
4403.10638576129  3.821124E-28
4404.35965008812  3.852941E-28
4405.61294849043  3.696843E-28
4406.86628080833  3.423427E-28
4408.1196468819  3.778991E-28
4409.37304655124  4.258060E-28
4410.62647965644  4.180790E-28
4411.87994603759  4.367820E-28
4413.13344553479  4.329671E-28
4414.38697798813  3.644920E-28
4415.6405432377  3.979074E-28
4416.8941411236  4.279194E-28
4418.14777148592  4.157244E-28
4419.40143416475  3.874565E-28
4420.65512900019  4.345447E-28
4421.90885583232  4.069066E-28
4423.16261450125  4.550227E-28
4424.41640484707  4.493991E-28
4425.67022670986  4.186175E-28
4426.92407992973  4.514699E-28
4428.17796434676  4.245221E-28
4429.43187980106  4.313825E-28
4430.6858261327  4.515035E-28
4431.9398031818  4.206123E-28
4433.19381078843  4.719283E-28
4434.44784879269  4.261297E-28
4435.70191703468  4.508661E-28
4436.95601535448  4.432691E-28
4438.2101435922  4.922232E-28
4439.46430158793  4.405940E-28
4440.71848918175  4.319646E-28
4441.97270621377  3.869187E-28
4443.22695252407  4.906768E-28
4444.48122795274  4.136155E-28
4445.7355323399  4.525206E-28
4446.98986552561  4.875176E-28
4448.24422734999  4.763071E-28
4449.49861765311  4.662124E-28
4450.75303627508  4.377527E-28
4452.00748305599  4.321924E-28
4453.26195783593  5.429440E-28
4454.51646045499  5.143095E-28
4455.77099075328  5.320801E-28
4457.02554857087  4.472802E-28
4458.28013374787  4.754187E-28
4459.53474612436  5.113075E-28
4460.78938554045  4.929066E-28
4462.04405183622  5.209206E-28
4463.29874485177  4.641845E-28
4464.55346442719  4.676974E-28
4465.80821040257  5.050455E-28
4467.06298261802  4.910872E-28
4468.31778091361  4.133102E-28
4469.57260512944  4.786726E-28
4470.82745510562  4.692731E-28
4472.08233068222  4.579491E-28
4473.33723169934  4.751590E-28
4474.59215799709  4.706207E-28
4475.84710941554  4.603806E-28
4477.1020857948  4.712782E-28
4478.35708697495  4.653932E-28
4479.6121127961  4.826676E-28
4480.86716309833  4.514229E-28
4482.12223772173  4.074795E-28
4483.37733650641  4.797262E-28
4484.63245929244  4.512297E-28
4485.88760591994  4.638118E-28
4487.14277622898  4.533990E-28
4488.39797005967  4.132183E-28
4489.65318725209  4.253509E-28
4490.90842764634  4.908210E-28
4492.16369108252  4.345704E-28
4493.41897740071  4.403858E-28
4494.67428644101  3.902182E-28
4495.92961804351  4.221382E-28
4497.18497204831  3.628066E-28
4498.4403482955  3.931773E-28
4499.69574662517  4.378077E-28
4500.95116687742  4.193702E-28
4502.20660889233  3.663417E-28
4503.46207251001  4.454242E-28
4504.71755757054  4.426004E-28
4505.97306391402  4.163556E-28
4507.22859138055  3.910137E-28
4508.48413981021  3.389808E-28
4509.7397090431  3.666093E-28
4510.99529891931  3.933689E-28
4512.25090927893  3.670042E-28
4513.50653996206  3.646890E-28
4514.7621908088  3.305735E-28
4516.01786165923  3.931388E-28
4517.27355235345  3.785222E-28
4518.52926273155  4.074627E-28
4519.78499263362  3.371950E-28
4521.04074189976  4.165397E-28
4522.29651037007  3.523114E-28
4523.55229788463  3.611879E-28
4524.80810428353  3.910999E-28
4526.06392940688  4.111930E-28
4527.31977309476  3.624431E-28
4528.57563518727  3.749849E-28
4529.8315155245  3.379773E-28
4531.08741394655  3.735208E-28
4532.3433302935  3.754647E-28
4533.59926440545  3.767208E-28
4534.8552161225  4.084365E-28
4536.11118528473  3.646444E-28
4537.36717173224  3.726327E-28
4538.62317530513  3.762272E-28
4539.87919584349  3.608406E-28
4541.1352331874  3.900800E-28
4542.39128717697  3.528768E-28
4543.64735765229  3.864086E-28
4544.90344445345  3.350861E-28
4546.15954742054  3.072775E-28
4547.41566639366  3.804768E-28
4548.67180121289  3.519069E-28
4549.92795171834  4.125429E-28
4551.1841177501  3.687865E-28
4552.44029914826  3.969288E-28
4553.6964957529  3.539072E-28
4554.95270740414  3.682852E-28
4556.20893394206  3.348328E-28
4557.46517520675  3.272874E-28
4558.7214310383  3.763222E-28
4559.97770127681  3.398193E-28
4561.23398576238  3.357467E-28
4562.4902843351  3.329110E-28
4563.74659683505  3.062245E-28
4565.00292310233  3.606183E-28
4566.25926297704  3.393261E-28
4567.51561629927  3.394581E-28
4568.77198290911  3.336933E-28
4570.02836264666  3.624934E-28
4571.28475535201  3.377117E-28
4572.54116086525  2.966277E-28
4573.79757902647  2.566993E-28
4575.05400967577  3.207363E-28
4576.31045265325  3.286636E-28
4577.56690779899  3.370701E-28
4578.82337495309  3.338804E-28
4580.07985395564  3.431980E-28
4581.33634464673  3.468402E-28
4582.59284686647  4.152085E-28
4583.84936045493  2.972447E-28
4585.10588525223  3.592142E-28
4586.36242109843  2.957114E-28
4587.61896783365  3.509932E-28
4588.87552529798  3.674143E-28
4590.1320933315  3.366643E-28
4591.38867177431  3.673980E-28
4592.64526046651  3.566464E-28
4593.90185924819  2.863180E-28
4595.15846795944  3.364653E-28
4596.41508644035  3.086446E-28
4597.67171453102  2.743824E-28
4598.92835207154  3.157207E-28
4600.184998902  3.492007E-28
4601.4416548625  2.984627E-28
4602.69831979314  3.203140E-28
4603.95499353399  3.318061E-28
4605.21167592517  2.898916E-28
4606.46836680675  3.435481E-28
4607.72506601884  3.038184E-28
4608.98177340152  3.622011E-28
4610.2384887949  3.431330E-28
4611.49521203905  3.594452E-28
4612.75194297409  3.163088E-28
4614.0086814401  3.142185E-28
4615.26542727717  3.164812E-28
4616.52218032539  3.320277E-28
4617.77894042487  3.460293E-28
4619.03570741569  3.207974E-28
4620.29248113794  3.142312E-28
4621.54926143173  3.381113E-28
4622.80604813714  3.587528E-28
4624.06284109426  3.341237E-28
4625.31964014319  3.577978E-28
4626.57644512403  3.601397E-28
4627.83325587687  3.678594E-28
4629.09007224179  3.932236E-28
4630.34689405889  2.798935E-28
4631.60372116827  3.466602E-28
4632.86055341002  3.089310E-28
4634.11739062424  3.511160E-28
4635.37423265101  3.312931E-28
4636.63107933042  3.355623E-28
4637.88793050258  2.696406E-28
4639.14478600758  2.516514E-28
4640.4016456855  3.647462E-28
4641.65850937645  3.489369E-28
4642.91537692051  3.284320E-28
4644.17224815778  3.050108E-28
4645.42912292835  3.096051E-28
4646.68600107232  3.065338E-28
4647.94288242978  3.400145E-28
4649.19976684081  3.462305E-28
4650.45665414553  3.423350E-28
4651.71354418401  3.609653E-28
4652.97043679635  3.726433E-28
4654.22733182265  3.346548E-28
4655.48422910299  3.231895E-28
4656.74112847748  3.366736E-28
4657.9980297862  3.296454E-28
4659.25493286925  3.750878E-28
4660.51183756672  3.064806E-28
4661.76874371871  3.440912E-28
4663.0256511653  3.556154E-28
4664.28255974659  3.520905E-28
4665.53946930268  3.223064E-28
4666.79637967366  3.455821E-28
4668.05329069961  3.440324E-28
4669.31020222064  3.545891E-28
4670.56711407684  3.509045E-28
4671.8240261083  3.403143E-28
4673.08093815511  3.385508E-28
4674.33785005737  3.444822E-28
4675.59476165517  3.586711E-28
4676.8516727886  3.419927E-28
4678.10858329776  3.112037E-28
4679.36549302274  3.965596E-28
4680.62240180364  3.634402E-28
4681.87930948054  3.455413E-28
4683.13621589354  3.264742E-28
4684.39312088274  3.081971E-28
4685.65002428822  3.234016E-28
4686.90692595008  3.654111E-28
4688.16382570841  3.127568E-28
4689.42072340331  3.362391E-28
4690.67761887487  3.083768E-28
4691.93451196318  2.969924E-28
4693.19140250834  3.302259E-28
4694.44829035044  2.891648E-28
4695.70517532957  2.798108E-28
4696.96205728583  2.871481E-28
4698.21893605931  3.537830E-28
4699.4758114901  3.382159E-28
4700.73268341829  3.619571E-28
4701.98955168399  3.407013E-28
4703.24641612728  3.811149E-28
4704.50327658825  4.078321E-28
4705.760132907  3.350431E-28
4707.01698492363  3.771353E-28
4708.27383247821  3.691236E-28
4709.53067541086  4.036710E-28
4710.78751356166  3.212964E-28
4712.04434677071  3.184039E-28
4713.30117487809  2.617610E-28
4714.55799772391  3.181254E-28
4715.81481514825  3.215821E-28
4717.07162699121  2.954395E-28
4718.32843309288  3.961843E-28
4719.58523329335  4.090347E-28
4720.84202743273  3.631045E-28
4722.0988153511  4.237048E-28
4723.35559688855  3.168402E-28
4724.61237188517  3.377063E-28
4725.86914018107  3.795124E-28
4727.12590161634  3.148450E-28
4728.38265603106  3.217243E-28
4729.63940326533  3.578744E-28
4730.89614315925  3.418977E-28
4732.15287555291  3.956804E-28
4733.40960028639  3.944814E-28
4734.66631719981  3.329396E-28
4735.92302613323  3.410727E-28
4737.17972692677  3.648966E-28
4738.43641942051  4.027807E-28
4739.69310345455  3.335833E-28
4740.94977886898  3.578363E-28
4742.2064455039  3.956196E-28
4743.46310319939  3.582563E-28
4744.71975179555  3.957537E-28
4745.97639113248  3.874186E-28
4747.23302105026  3.651546E-28
4748.48964138899  3.447258E-28
4749.74625198877  3.315847E-28
4751.00285268968  3.435232E-28
4752.25944333183  3.911483E-28
4753.51602375529  3.688935E-28
4754.77259380017  3.593113E-28
4756.02915330656  3.694755E-28
4757.28570211456  3.885446E-28
4758.54224006425  4.123483E-28
4759.79876699573  3.219225E-28
4761.0552827491  3.355470E-28
4762.31178716444  3.864609E-28
4763.56828008185  3.712340E-28
4764.82476134142  3.968292E-28
4766.08123078325  3.882754E-28
4767.33768824743  3.970419E-28
4768.59413357405  3.860319E-28
4769.85056660321  3.599895E-28
4771.10698717499  4.013410E-28
4772.3633951295  3.759782E-28
4773.61979030682  3.675189E-28
4774.87617254705  3.420577E-28
4776.13254169029  4.077426E-28
4777.38889757662  4.054727E-28
4778.64524004614  3.311158E-28
4779.90156893894  3.749128E-28
4781.15788409511  3.734420E-28
4782.41418535476  3.927563E-28
4783.67047255796  3.741976E-28
4784.92674554482  3.573341E-28
4786.18300415543  3.615358E-28
4787.43924822988  3.679472E-28
4788.69547760827  3.858284E-28
4789.95169213068  3.669504E-28
4791.20789163722  3.150594E-28
4792.46407596797  3.701565E-28
4793.72024496303  3.538914E-28
4794.97639846249  3.525603E-28
4796.23253630644  3.413967E-28
4797.48865833498  3.790393E-28
4798.7447643882  4.016387E-28
4800.0008543062  3.622958E-28
4801.25692792907  3.647262E-28
4802.51298509689  3.694737E-28
4803.76902564977  3.724492E-28
4805.0250494278  4.157451E-28
4806.28105627107  3.932622E-28
4807.53704601967  3.382822E-28
4808.7930185137  3.822986E-28
4810.04897359324  3.298843E-28
4811.30491109841  3.835713E-28
4812.56083086928  4.036093E-28
4813.81673274595  4.068622E-28
4815.07261656851  3.553968E-28
4816.32848217706  3.808329E-28
4817.58432941169  3.961007E-28
4818.8401581125  3.723079E-28
4820.09596811957  3.814468E-28
4821.351759273  3.468871E-28
4822.60753141288  4.188223E-28
4823.86328437931  4.113134E-28
4825.11901801239  4.259205E-28
4826.37473215219  3.848825E-28
4827.63042663882  4.425624E-28
4828.88610131236  4.313239E-28
4830.14175601293  4.698876E-28
4831.3973905806  4.004278E-28
4832.65300485546  3.991904E-28
4833.90859867762  4.144112E-28
4835.16417188717  4.316360E-28
4836.41972432419  4.358313E-28
4837.67525582879  4.091925E-28
4838.93076624106  3.815772E-28
4840.18625540108  4.011378E-28
4841.44172314895  3.663622E-28
4842.69716932477  4.548307E-28
4843.95259376863  3.975753E-28
4845.20799632062  4.811073E-28
4846.46337682084  4.113465E-28
4847.71873510938  4.043358E-28
4848.97407102632  4.303205E-28
4850.22938441177  4.951239E-28
4851.48467510583  4.377002E-28
4852.73994294857  4.309327E-28
4853.99518778009  4.821603E-28
4855.2504094405  4.603104E-28
4856.50560776988  4.818214E-28
4857.76078260832  4.929522E-28
4859.01593379592  4.555799E-28
4860.27106117277  5.494980E-28
4861.52616457897  4.993482E-28
4862.7812438546  4.509712E-28
4864.03629883977  5.534371E-28
4865.29132937455  5.518519E-28
4866.54633529906  5.093974E-28
4867.80131645338  5.472201E-28
4869.0562726776  5.629280E-28
4870.31120381182  5.381026E-28
4871.56610969613  5.243265E-28
4872.82099017063  5.223450E-28
4874.0758450754  5.801841E-28
4875.33067425054  5.983106E-28
4876.58547753615  5.645771E-28
4877.84025477231  5.833906E-28
4879.09500579913  5.595464E-28
4880.34973045668  5.694988E-28
4881.60442858508  5.803629E-28
4882.8591000244  6.382256E-28
4884.11374461475  6.430726E-28
4885.36836219622  5.899797E-28
4886.62295260889  6.148332E-28
4887.87751569287  6.053774E-28
4889.13205128825  6.435421E-28
4890.38655923511  6.905992E-28
4891.64103937356  6.347370E-28
4892.89549154369  6.402567E-28
4894.14991558558  6.835167E-28
4895.40431133934  6.757948E-28
4896.65867864505  6.889789E-28
4897.91301734282  7.402006E-28
4899.16732727272  6.467715E-28
4900.42160827486  7.233318E-28
4901.67586018933  7.264066E-28
4902.93008285623  7.189880E-28
4904.18427611564  7.406778E-28
4905.43843980766  8.074278E-28
4906.69257377238  7.632183E-28
4907.94667784989  8.761656E-28
4909.2007518803  8.101143E-28
4910.45479570369  8.738216E-28
4911.70880916015  8.079948E-28
4912.96279208978  8.377104E-28
4914.21674433268  8.405355E-28
4915.47066572893  9.498799E-28
4916.72455611863  9.168807E-28
4917.97841534187  9.290478E-28
4919.23224323874  9.001061E-28
4920.48603964934  1.040753E-27
4921.73980441377  9.667208E-28
4922.99353737211  1.061049E-27
4924.24723836446  9.547111E-28
4925.50090723091  1.037104E-27
4926.75454381155  1.000015E-27
4928.00814794648  1.108868E-27
4929.2617194758  1.043150E-27
4930.51525823959  1.024378E-27
4931.76876407794  1.114467E-27
4933.02223683096  1.023673E-27
4934.27567633873  1.052024E-27
4935.52908244135  1.071278E-27
4936.78245497891  1.076580E-27
4938.0357937915  1.043338E-27
4939.28909871923  1.049903E-27
4940.54236960217  1.033416E-27
4941.79560628042  9.787502E-28
4943.04880859409  9.558241E-28
4944.30197638325  1.003191E-27
4945.55510948801  9.601982E-28
4946.80820774846  9.229250E-28
4948.06127100468  9.867946E-28
4949.31429909678  8.790729E-28
4950.56729186485  8.726617E-28
4951.82024914897  8.943701E-28
4953.07317078925  8.558828E-28
4954.32605662578  8.978709E-28
4955.57890649864  8.784543E-28
4956.83172024795  8.409849E-28
4958.08449771377  8.458633E-28
4959.33723873622  7.859625E-28
4960.58994315537  8.447135E-28
4961.84261081134  7.892233E-28
4963.09524154421  8.354872E-28
4964.34783519406  7.513357E-28
4965.60039160101  7.890949E-28
4966.85291060513  7.520137E-28
4968.10539204653  7.483998E-28
4969.35783576529  7.300842E-28
4970.61024160151  6.876797E-28
4971.86260939528  7.164659E-28
4973.1149389867  6.474751E-28
4974.36723021586  6.938141E-28
4975.61948292285  6.524098E-28
4976.87169694777  6.609982E-28
4978.1238721307  6.403448E-28
4979.37600831175  5.775183E-28
4980.62810533101  6.473064E-28
4981.88016302856  5.870837E-28
4983.1321812445  6.148364E-28
4984.38415981893  5.958064E-28
4985.63609859194  6.335173E-28
4986.88799740362  5.477165E-28
4988.13985609406  5.452869E-28
4989.39167450336  5.951323E-28
4990.64345247162  5.544373E-28
4991.89518983892  5.639278E-28
4993.14688644535  5.613621E-28
4994.39854213102  5.377309E-28
4995.65015673602  5.000836E-28
4996.90173010043  5.490993E-28
4998.15326206435  4.904631E-28
4999.40475246788  4.754324E-28
5000.6562011511  4.998734E-28
5001.90760795412  4.929863E-28
5003.15897271702  4.448837E-28
5004.4102952799  4.623273E-28
5005.66157548284  4.911024E-28
5006.91281316596  4.673872E-28
5008.16400816933  4.987812E-28
5009.41516033304  4.964766E-28
5010.66626949721  5.023874E-28
5011.91733550191  4.790178E-28
5013.16835818724  4.687128E-28
5014.4193373933  4.883418E-28
5015.67027296017  4.581939E-28
5016.92116472796  4.439200E-28
5018.17201253674  4.637306E-28
5019.42281622663  3.943385E-28
5020.6735756377  4.248086E-28
5021.92429061006  4.469488E-28
5023.17496098379  4.518940E-28
5024.42558659899  4.324405E-28
5025.67616729576  4.447876E-28
5026.92670291418  4.689947E-28
5028.17719329436  4.592394E-28
5029.42763827637  4.551755E-28
5030.67803770032  4.389444E-28
5031.92839140631  4.388029E-28
5033.17869923441  4.635450E-28
5034.42896102473  4.387098E-28
5035.67917661736  4.558199E-28
5036.92934585239  4.148260E-28
5038.17946856992  4.145634E-28
5039.42954461004  4.328830E-28
5040.67957381284  4.638779E-28
5041.92955601842  4.025092E-28
5043.17949106686  4.258944E-28
5044.42937879827  4.498430E-28
5045.67921905273  4.691739E-28
5046.92901167034  4.313490E-28
5048.1787564912  4.110960E-28
5049.42845335539  4.418454E-28
5050.678102103  3.814621E-28
5051.92770257414  4.005108E-28
5053.1772546089  4.012056E-28
5054.42675804736  4.423376E-28
5055.67621272963  4.068186E-28
5056.92561849579  3.741427E-28
5058.17497518593  4.366050E-28
5059.42428264016  4.786372E-28
5060.67354069857  4.085033E-28
5061.92274920124  4.110377E-28
5063.17190798827  3.728885E-28
5064.42101689976  4.215129E-28
5065.6700757758  4.487941E-28
5066.91908445648  4.226598E-28
5068.16804278189  3.922980E-28
5069.41695059213  4.107441E-28
5070.66580772729  4.476596E-28
5071.91461402746  4.020747E-28
5073.16336933274  4.234101E-28
5074.41207348323  4.401806E-28
5075.660726319  4.057531E-28
5076.90932768017  4.349733E-28
5078.15787740681  3.851467E-28
5079.40637533903  4.291863E-28
5080.65482131692  4.423829E-28
5081.90321518056  4.045086E-28
5083.15155677006  3.861049E-28
5084.39984592551  3.965460E-28
5085.648082487  3.692438E-28
5086.89626629462  4.148996E-28
5088.14439718847  3.987665E-28
5089.39247500863  4.150009E-28
5090.64049959521  3.933924E-28
5091.8884707883  4.590819E-28
5093.13638842799  3.770087E-28
5094.38425235437  3.772036E-28
5095.63206240754  3.574800E-28
5096.87981842758  4.006516E-28
5098.1275202546  4.068574E-28
5099.37516772869  3.940200E-28
5100.62276068993  4.249834E-28
5101.87029897843  4.348607E-28
5103.11778243428  4.123131E-28
5104.36521089756  4.145065E-28
5105.61258420837  3.514864E-28
5106.85990220681  4.097257E-28
5108.10716473298  4.161702E-28
5109.35437162695  3.798424E-28
5110.60152272883  4.271723E-28
5111.8486178787  3.771717E-28
5113.09565691667  3.719805E-28
5114.34263968283  3.856496E-28
5115.58956601726  3.600349E-28
5116.83643576007  4.072601E-28
5118.08324875134  3.944363E-28
5119.33000483117  4.244453E-28
5120.57670383965  4.229305E-28
5121.82334561688  4.281312E-28
5123.06993000294  3.818256E-28
5124.31645683794  4.162121E-28
5125.56292596196  4.317018E-28
5126.8093372151  4.063468E-28
5128.05569043745  3.815453E-28
5129.30198546911  3.702642E-28
5130.54822215016  3.873030E-28
5131.79440032071  3.902902E-28
5133.04051982084  4.104901E-28
5134.28658049065  4.272917E-28
5135.53258217022  4.387828E-28
5136.77852469967  3.964352E-28
5138.02440791907  3.644706E-28
5139.27023166852  3.637415E-28
5140.51599578811  4.086421E-28
5141.76170011795  4.053884E-28
5143.00734449811  4.188056E-28
5144.2529287687  4.661452E-28
5145.4984527698  4.259400E-28
5146.74391634152  3.914336E-28
5147.98931932394  3.600588E-28
5149.23466155716  4.166692E-28
5150.47994288126  3.716511E-28
5151.72516313635  4.377978E-28
5152.97032216252  3.920931E-28
5154.21541979986  4.152303E-28
5155.46045588846  3.805613E-28
5156.70543026842  3.747333E-28
5157.95034277983  3.754483E-28
5159.19519326278  3.915527E-28
5160.43998155736  4.599969E-28
5161.68470750368  4.396110E-28
5162.92937094182  3.772576E-28
5164.17397171188  4.196885E-28
5165.41850965394  4.334002E-28
5166.66298460811  3.854446E-28
5167.90739641448  3.514274E-28
5169.15174491313  4.031047E-28
5170.39602994417  3.739074E-28
5171.64025134768  3.850226E-28
5172.88440896376  4.370017E-28
5174.12850263251  3.921041E-28
5175.37253219401  4.269225E-28
5176.61649748836  4.025045E-28
5177.86039835565  4.332071E-28
5179.10423463598  3.927707E-28
5180.34800616943  4.214625E-28
5181.59171279611  3.679267E-28
5182.83535435611  4.668998E-28
5184.07893068951  4.694486E-28
5185.32244163642  4.044776E-28
5186.56588703692  4.122532E-28
5187.8092667311  3.403499E-28
5189.05258055907  4.187960E-28
5190.29582836092  4.353134E-28
5191.53900997673  4.364041E-28
5192.78212524661  4.702097E-28
5194.02517401064  4.288622E-28
5195.26815610892  4.368104E-28
5196.51107138153  4.264238E-28
5197.75391966859  4.026222E-28
5198.99670081017  4.829677E-28
5200.23941464637  4.479239E-28
5201.48206101729  4.567213E-28
5202.72463976302  4.348935E-28
5203.96715072364  4.267268E-28
5205.20959373926  4.306554E-28
5206.45196864997  3.742137E-28
5207.69427529586  4.658198E-28
5208.93651351702  4.205963E-28
5210.17868315355  4.537538E-28
5211.42078404555  4.256953E-28
5212.66281603309  4.144480E-28
5213.90477895628  4.390802E-28
5215.14667265522  4.401551E-28
5216.38849696998  4.790576E-28
5217.63025174068  4.079808E-28
5218.87193680739  4.132926E-28
5220.11355201022  3.794890E-28
5221.35509718925  4.267472E-28
5222.59657218459  4.772488E-28
5223.83797683631  5.083856E-28
5225.07931098453  4.200568E-28
5226.32057446932  4.231685E-28
5227.56176713079  4.079349E-28
5228.80288880902  4.481256E-28
5230.04393934412  3.965970E-28
5231.28491857616  4.086637E-28
5232.52582634525  4.540072E-28
5233.76666249149  3.877580E-28
5235.00742685495  4.468949E-28
5236.24811927574  4.420139E-28
5237.48873959395  3.987651E-28
5238.72928764968  3.667795E-28
5239.96976328301  4.312425E-28
5241.21016633403  4.216030E-28
5242.45049664286  4.081177E-28
5243.69075404956  3.775628E-28
5244.93093839424  4.263657E-28
5246.171049517  4.014108E-28
5247.41108725793  4.311914E-28
5248.65105145711  4.065109E-28
5249.89094195464  4.419414E-28
5251.13075859062  4.266075E-28
5252.37050120514  4.513516E-28
5253.61016963829  3.947634E-28
5254.84976373016  4.077749E-28
5256.08928332086  4.139054E-28
5257.32872825046  3.752922E-28
5258.56809835907  4.285795E-28
5259.80739348678  4.076201E-28
5261.04661347368  4.666544E-28
5262.28575815986  4.136165E-28
5263.52482738542  4.173690E-28
5264.76382099046  4.203128E-28
5266.00273881506  4.045445E-28
5267.24158069931  4.381532E-28
5268.48034648332  4.231922E-28
5269.71903600717  4.186492E-28
5270.95764911096  4.250276E-28
5272.19618563478  4.497930E-28
5273.43464541873  3.772399E-28
5274.67302830289  4.750298E-28
5275.91133412736  3.905883E-28
5277.14956273224  4.191547E-28
5278.38771395761  4.270097E-28
5279.62578764358  3.942315E-28
5280.86378363023  3.501176E-28
5282.10170175765  3.861910E-28
5283.33954186595  4.094793E-28
5284.57730379521  4.034818E-28
5285.81498738553  3.810469E-28
5287.05259247699  3.863402E-28
5288.2901189097  4.155858E-28
5289.52756652375  3.714086E-28
5290.76493515923  4.066742E-28
5292.00222465623  4.690854E-28
5293.23943485484  3.763050E-28
5294.47656559517  4.146642E-28
5295.7136167173  4.262012E-28
5296.95058806133  4.378563E-28
5298.18747946734  4.244063E-28
5299.42429077544  4.251585E-28
5300.66102182572  4.223988E-28
5301.89767245826  4.280361E-28
5303.13424251317  4.211461E-28
5304.37073183053  3.924628E-28
5305.60714025045  4.030901E-28
5306.843467613  4.029916E-28
5308.07971375829  4.392362E-28
5309.31587852641  4.436439E-28
5310.55196175745  4.546334E-28
5311.78796329152  4.269616E-28
5313.02388296868  4.161941E-28
5314.25972062905  3.920155E-28
5315.49547611271  3.938558E-28
5316.73114925977  3.983685E-28
5317.9667399103  4.279036E-28
5319.20224790441  4.487798E-28
5320.43767308219  3.690533E-28
5321.67301528374  4.044232E-28
5322.90827434913  4.084159E-28
5324.14345011847  3.710599E-28
5325.37854243186  3.946743E-28
5326.61355112938  3.960540E-28
5327.84847605113  4.125578E-28
5329.0833170372  4.182237E-28
5330.31807392769  3.815075E-28
5331.55274656268  4.016147E-28
5332.78733478227  4.156954E-28
5334.02183842656  4.230317E-28
5335.25625733564  3.831409E-28
5336.4905913496  3.587440E-28
5337.72484030853  3.809961E-28
5338.95900405253  3.927077E-28
5340.19308242169  3.669694E-28
5341.42707525611  3.799910E-28
5342.66098239587  4.843046E-28
5343.89480368107  3.629742E-28
5345.12853895181  4.131225E-28
5346.36218804817  3.603179E-28
5347.59575081026  3.940492E-28
5348.82922707816  3.671569E-28
5350.06261669196  3.253495E-28
5351.29591949177  3.885710E-28
5352.52913531767  3.318958E-28
5353.76226400975  3.727338E-28
5354.99530540812  3.727101E-28
5356.22825935286  3.469521E-28
5357.46112568407  3.647689E-28
5358.69390424183  3.196765E-28
5359.92659486625  3.269992E-28
5361.15919739742  3.780935E-28
5362.39171167543  3.688721E-28
5363.62413754036  3.873220E-28
5364.85647483233  4.421753E-28
5366.08872339142  3.143213E-28
5367.32088305771  4.196268E-28
5368.55295367132  3.547803E-28
5369.78493507232  3.963812E-28
5371.01682710082  3.554749E-28
5372.2486295969  2.972758E-28
5373.48034240066  3.809070E-28
5374.71196535219  3.697683E-28
5375.94349829159  3.240900E-28
5377.17494105895  4.051596E-28
5378.40629349436  3.776458E-28
5379.63755543792  3.163422E-28
5380.86872672971  3.621347E-28
5382.09980720984  3.472660E-28
5383.33079671839  3.483933E-28
5384.56169509547  3.438054E-28
5385.79250218115  2.842438E-28
5387.02321781554  3.216939E-28
5388.25384183872  2.894506E-28
5389.4843740908  3.305783E-28
5390.71481441187  3.089049E-28
5391.94516264201  3.646997E-28
5393.17541862132  3.792606E-28
5394.4055821899  3.682566E-28
5395.63565318784  3.750947E-28
5396.86563145522  2.504004E-28
5398.09551683216  3.959024E-28
5399.32530915873  3.684187E-28
5400.55500827503  3.504660E-28
5401.78461402116  3.168688E-28
5403.0141262372  4.012249E-28
5404.24354476325  3.474690E-28
5405.47286943941  3.737365E-28
5406.70210010577  3.189181E-28
5407.93123660242  3.865951E-28
5409.16027876945  3.491841E-28
5410.38922644696  3.821159E-28
5411.61807947504  3.586917E-28
5412.84683769378  3.220459E-28
5414.07550094328  3.129968E-28
5415.30406906363  4.035610E-28
5416.53254189493  3.931256E-28
5417.76091927726  2.968137E-28
5418.98920105072  3.215972E-28
5420.21738705541  3.665759E-28
5421.44547713141  3.300268E-28
5422.67347111882  3.071222E-28
5423.90136885774  4.113004E-28
5425.12917018825  3.872297E-28
5426.35687495045  3.559463E-28
5427.58448298444  3.794056E-28
5428.8119941303  3.056178E-28
5430.03940822813  3.277833E-28
5431.26672511803  3.271630E-28
5432.49394464008  3.604678E-28
5433.72106663438  4.045862E-28
5434.94809094102  3.311196E-28
5436.1750174001  3.430341E-28
5437.40184585171  3.779517E-28
5438.62857613594  3.470832E-28
5439.85520809289  3.568995E-28
5441.08174156264  3.672877E-28
5442.3081763853  3.878822E-28
5443.53451240095  3.069792E-28
5444.7607494497  3.448349E-28
5445.98688737162  3.957317E-28
5447.21292600682  2.903584E-28
5448.43886519539  3.579443E-28
5449.66470477743  3.777429E-28
5450.89044459301  3.413024E-28
5452.11608448225  3.282568E-28
5453.34162428522  3.633391E-28
5454.56706384204  3.583348E-28
5455.79240299278  3.083063E-28
5457.01764157754  3.721693E-28
5458.24277943642  3.937656E-28
5459.4678164095  4.028718E-28
5460.6927523369  3.223901E-28
5461.91758705868  3.738721E-28
5463.14232041495  3.491433E-28
5464.3669522458  4.308799E-28
5465.59148239132  4.375573E-28
5466.81591069162  3.343751E-28
5468.04023698677  3.573336E-28
5469.26446111688  3.457695E-28
5470.48858292204  3.442706E-28
5471.71260224234  4.177743E-28
5472.93651891787  3.635333E-28
5474.16033278873  3.344938E-28
5475.38404369501  3.518334E-28
5476.6076514768  3.695560E-28
5477.83115597421  4.133187E-28
5479.05455702731  3.862804E-28
5480.2778544762  3.645637E-28
5481.50104816099  3.552750E-28
5482.72413792175  4.108984E-28
5483.94712359859  4.164105E-28
5485.17000503159  3.522892E-28
5486.39278206086  3.946186E-28
5487.61545452648  3.743242E-28
5488.83802226854  3.620585E-28
5490.06048512714  3.393206E-28
5491.28284294238  3.464052E-28
5492.50509555435  4.471814E-28
5493.72724280313  3.952400E-28
5494.94928452883  3.827890E-28
5496.17122057154  3.756930E-28
5497.39305077134  3.620531E-28
5498.61477496833  3.787429E-28
5499.83639300262  4.309761E-28
5501.05790471428  3.628967E-28
5502.27930994341  3.755120E-28
5503.50060853011  3.976385E-28
5504.72180031447  3.874062E-28
5505.94288513659  3.687965E-28
5507.16386283654  3.820213E-28
5508.38473325444  4.107019E-28
5509.60549623037  3.913842E-28
5510.82615160443  4.631066E-28
5512.0466992167  3.852660E-28
5513.26713890729  3.939094E-28
5514.48747051628  3.253969E-28
5515.70769388377  3.274730E-28
5516.92780884985  4.130934E-28
5518.14781525462  3.384728E-28
5519.36771293817  3.720134E-28
5520.58750174058  3.751099E-28
5521.80718150197  3.813133E-28
5523.02675206241  3.482821E-28
5524.246213262  3.933466E-28
5525.46556494084  3.223309E-28
5526.68480693902  4.657187E-28
5527.90393909662  3.961469E-28
5529.12296125376  3.792345E-28
5530.34187325051  3.963837E-28
5531.56067492697  4.254594E-28
5532.77936612324  3.532450E-28
5533.9979466794  3.509146E-28
5535.21641643555  3.278788E-28
5536.43477523179  3.886427E-28
5537.65302290821  4.049183E-28
5538.8711593049  3.311796E-28
5540.08918426195  3.853038E-28
5541.30709761946  3.700175E-28
5542.52489921752  3.044245E-28
5543.74258889622  4.449885E-28
5544.96016649566  4.021486E-28
5546.17763185593  3.781482E-28
5547.39498481713  3.638592E-28
5548.61222521934  4.155867E-28
5549.82935290266  4.068787E-28
5551.04636770719  3.893238E-28
5552.26326947301  3.839983E-28
5553.48005804023  4.076315E-28
5554.69673324892  3.770220E-28
5555.9132949392  3.041081E-28
5557.12974295114  3.671459E-28
5558.34607712485  3.630815E-28
5559.56229730041  4.395928E-28
5560.77840331792  4.514873E-28
5561.99439501748  2.987618E-28
5563.21027223917  3.335462E-28
5564.42603482309  3.328940E-28
5565.64168260934  3.388926E-28
5566.857215438  3.446369E-28
5568.07263314917  3.566750E-28
5569.28793558294  4.203294E-28
5570.50312257941  3.314617E-28
5571.71819397867  3.272496E-28
5572.93314962081  3.262899E-28
5574.14798934592  2.944668E-28
5575.36271299411  3.931433E-28
5576.57732040545  2.763979E-29
5577.79181142006  4.410238E-28
5579.00618587801  3.553497E-28
5580.2204436194  3.637117E-28
5581.43458448433  3.133351E-28
5582.64860831289  2.991884E-28
5583.86251494517  2.859386E-28
5585.07630422127  3.701152E-28
5586.28997598127  3.031292E-28
5587.50353006527  4.327380E-28
5588.71696631337  3.289640E-28
5589.93028456566  4.098238E-28
5591.14348466223  3.217202E-28
5592.35656644318  3.623601E-28
5593.56952974859  3.267382E-28
5594.78237441856  3.812539E-28
5595.99510029319  3.869060E-28
5597.20770721257  3.717563E-28
5598.42019501679  4.074842E-28
5599.63256354594  2.843388E-28
5600.84481264012  2.663417E-28
