objID,detectID,filterID,randomDetID,obsTime,ra,dec,raErr,decErr,extNSigma,airMass,psfFlux,psfFluxErr,psfMajorFWHM,psfMinorFWHM,psfTheta,psfCore,psfQf,psfQfPerfect,psfChiSq,psfLikelihood,apFlux,apFluxErr,apFillF,apRadius,kronFlux,kronFluxErr,kronRad,sky,skyErr,infoFlag,infoFlag2,infoFlag3
142142497205713174,196552607470000589,2,0.336867450118873,56066.5263112,249.72058218,28.45212929,0.0214868001639843,0.0214868001639843,0.35235801339149475,1.068060040473938,4.621759944711812e-05,1.8267400037075276e-06,1.7807899713516235,1.6956700086593628,-48.49020004272461,0.09808369725942612,0.9998189806938171,0.9998189806938171,0.9045670032501221,0.7245699763298035,4.749029903905466e-05,7.644150059604726e-07,0.9213579893112183,4.088099956512451,4.2463499994482845e-05,2.856879973478499e-06,3.152899980545044,1.0998500329151284e-05,1.8352000097365817e-06,35651585,128,7374912
142142497205713174,196553653470000474,2,0.697087819405913,56066.5367814,249.72056826,28.45215633,0.021069400012493134,0.020782800391316414,1.3747400045394897,1.092650055885315,4.613740020431578e-05,1.3564799701271113e-06,1.2516599893569946,1.1844099760055542,-43.75859832763672,0.14275899529457092,0.9980660080909729,0.9980660080909729,0.9759780168533325,0.1692110002040863,5.031609907746315e-05,7.991969823706313e-07,0.8891630172729492,2.8106300830841064,4.604849891620688e-05,2.219340103692957e-06,2.535670042037964,1.1230499694647733e-05,1.857129973359406e-06,102760517,128,7374912
142142497205713174,198434173110000557,3,0.194694950426645,56085.3420063,249.72057509,28.45215628,0.015855200588703156,0.015264799818396568,-0.16634300351142883,1.1081600189208984,5.500160114024766e-05,1.522510046925163e-06,1.0559799671173096,0.9583500027656555,-37.16709899902344,-0.16783300042152405,0.9978129863739014,0.9974730014801025,1.0858500003814697,-0.867887020111084,5.163629975868389e-05,8.019899837563571e-07,0.8645449876785278,2.299340009689331,4.875800004811026e-05,2.3147199499362614e-06,1.8482999801635742,4.1471499571343884e-05,2.8240099254617235e-06,102760453,128,24152128
142142497205713174,198435230110000600,3,0.331473327550547,56085.3525694,249.72056791,28.452159,0.017814600840210915,0.017082499340176582,-1.209939956665039,1.080549955368042,5.0119200750486925e-05,1.5295299817807972e-06,1.0549099445343018,0.9696189761161804,-29.247499465942383,-0.12126199901103973,0.9981439709663391,0.9628120064735413,1.1343599557876587,-0.22630399465560913,4.965610060025938e-05,7.871839784456824e-07,0.8645449876785278,2.2993900775909424,4.3367101170588285e-05,2.3022000732453307e-06,1.8343700170516968,4.254420127836056e-05,2.864909902200452e-06,102760453,128,7374912
142142497205713174,160438775110000476,2,0.689816898377442,55705.3879868,249.72057424,28.45215557,0.008981769904494286,0.009719319641590118,0.8117330074310303,1.0925400257110596,4.6455101255560294e-05,1.0169600273002288e-06,0.8633509874343872,0.7832710146903992,-71.0105972290039,-0.2973499894142151,0.9989029765129089,0.9989029765129089,1.3255599737167358,0.4169450104236603,4.640679981093854e-05,7.849799885661923e-07,0.8250070214271545,1.7881200313568115,4.242339855409227e-05,1.3300799537319108e-06,1.674299955368042,9.376019988849293e-06,1.6294800389005104e-06,102760517,128,24152128
142142497205713174,189857408110000672,4,0.799184278397993,55999.57427,249.72056065,28.45213837,0.027801400050520897,0.027801400050520897,0.3932360112667084,1.115399956703186,6.140259938547388e-05,3.1392598884849576e-06,1.0561800003051758,1.015529990196228,-51.79880142211914,0.0009451510268263519,0.9979010224342346,0.9979010224342346,1.1420600414276123,0.6941450238227844,6.718619988532737e-05,1.367080017189437e-06,0.8645449876785278,2.3002099990844727,6.161010242067277e-05,5.432109901448712e-06,2.0742499828338623,7.294870010809973e-05,6.009319804434199e-06,35651585,0,7342144
142142497205713174,160439836110000463,2,0.726584290830963,55705.3986073,249.7205727,28.4521549,0.009180629625916481,0.009727420285344124,-0.37116798758506775,1.0676499605178833,4.685140083893202e-05,1.0223500339634484e-06,0.842303991317749,0.8174530267715454,76.43299865722656,-0.2721930146217346,0.9980289936065674,0.9980289936065674,1.1686999797821045,-0.7105119824409485,4.553859980660491e-05,7.77059995016316e-07,0.8250070214271545,1.7881699800491333,4.240770067553967e-05,1.38267000693304e-06,1.7589399814605713,9.233380296791438e-06,1.6428100479970453e-06,102760517,128,24152128
142142497205713174,189858473110000554,4,0.749328274046377,55999.5849161,249.72058302,28.45216305,0.02819330058991909,0.02819330058991909,0.2084610015153885,1.0863200426101685,6.754010246368125e-05,3.5020900668314425e-06,1.0322999954223633,0.9295939803123474,-49.410099029541016,0.043411899358034134,0.9985160231590271,0.9985160231590271,0.9884909987449646,0.8348690271377563,6.444370228564367e-05,1.3764999948762124e-06,0.8527560234069824,2.2999699115753174,6.026159826433286e-05,5.375330147217028e-06,1.8032699823379517,9.260499791707844e-05,6.3849001890048385e-06,35651585,0,7342144
142142497205713174,192764002470000923,5,0.450876811939177,56028.6402041,249.72049509,28.45217948,0.07083240151405334,0.07083240151405334,-0.22704899311065674,1.0919500589370728,6.334020145004615e-05,8.252100087702274e-06,1.3590799570083618,1.029039978981018,5.976369857788086,0.052704498171806335,0.9989500045776367,0.9989500045776367,0.9334729909896851,-0.8203859925270081,6.207179831108078e-05,1.980110027943738e-06,0.8891630172729492,2.810849905014038,6.170589767862111e-05,1.5780200556037016e-05,2.4647700786590576,0.00019397400319576263,1.4056299733056221e-05,35651585,0,7342144
142142497205713174,159953277470000614,3,0.140975264963671,55700.5330436,249.72055944,28.45216072,0.016878800466656685,0.01529849972575903,0.13684700429439545,1.0783400535583496,5.125809911987744e-05,1.7135599819084746e-06,0.9205570220947266,0.829135000705719,13.123100280761719,-0.3099530041217804,0.997875988483429,0.997875988483429,0.9209690093994141,0.891152024269104,4.9351998313795775e-05,8.016879746719496e-07,0.8554580211639404,2.042840003967285,4.718889977084473e-05,2.810199930536328e-06,1.6263500452041626,6.901450251461938e-05,3.5733501135837287e-06,102760517,128,7374912
142142497205713174,192764318470000785,5,0.729342903689801,56028.6433637,249.72058328,28.45215081,0.08172299712896347,0.08172299712896347,1.4540300369262695,1.1003400087356567,5.609089930658229e-05,8.430810339632444e-06,1.0872000455856323,0.9511600136756897,-32.187801361083984,0.21818199753761292,0.9975860118865967,0.9975860118865967,0.9725970029830933,0.1459379941225052,4.888969851890579e-05,1.7829700027505169e-06,0.8684750199317932,2.2999000549316406,4.0154300222638994e-05,1.498849997005891e-05,2.0678000450134277,0.00025774200912564993,1.6292400687234476e-05,35651585,0,7342144
142142497205713174,159954457470000546,3,0.677025825415762,55700.5448369,249.72056291,28.45216728,0.019639600068330765,0.019639600068330765,-1.6524900197982788,1.1089799404144287,5.0046499382006004e-05,1.809090008464409e-06,0.9651830196380615,0.9065250158309937,14.336799621582031,-0.26636600494384766,0.9949470162391663,0.9949470162391663,0.9428550004959106,-0.09843400120735168,4.3156098399776965e-05,7.552440024483076e-07,0.7908009886741638,2.042840003967285,3.9929800550453365e-05,2.903540007537231e-06,1.6811800003051758,6.995480362093076e-05,3.6130600165051874e-06,35651649,128,7374912
142142497205713174,196550458470000361,1,0.9226744127671,56066.5048334,249.72057099,28.45215771,0.021279800683259964,0.021279800683259964,1.5205700397491455,1.0319600105285645,4.4304400944383815e-05,1.7339699525109609e-06,1.677649974822998,1.4759900569915771,-72.92829895019531,-0.16611699759960175,0.9982450008392334,0.9982450008392334,0.7456049919128418,0.12836800515651703,4.7668898332631215e-05,8.184890134543821e-07,0.9110810160636902,3.5776500701904297,4.410210021887906e-05,2.766900024653296e-06,2.8518900871276855,4.0564000300946645e-06,1.7017699747157167e-06,35651585,128,7342144
142142497205713174,165742599670000394,4,0.155004043276426,55758.4261759,249.72056665,28.45216127,0.034164998680353165,0.034164998680353165,0.21426600217819214,1.2715699672698975,5.994279854348861e-05,3.769670001929626e-06,1.1234400272369385,0.9504820108413696,-18.02680015563965,-0.2015089988708496,0.9970510005950928,0.9970510005950928,0.80942702293396,0.8303400278091431,6.301610119407997e-05,1.2896899761472014e-06,0.8645449876785278,2.298029899597168,5.6939101341413334e-05,7.205489964690059e-06,2.0948500633239746,0.00010355900303693488,6.5476801864861045e-06,35651585,0,7374912
142142497205713174,196551550470000312,1,0.51510373737207,56066.5157659,249.7205697,28.45216592,0.030951399356126785,0.03253110125660896,0.21977299451828003,1.0480200052261353,4.381229882710613e-05,1.6683100056980038e-06,1.439210057258606,1.3772000074386597,-73.56210327148438,0.01293640024960041,0.9987549781799316,0.9987549781799316,0.8645880222320557,0.8260480165481567,4.2963998566847295e-05,7.874260177231918e-07,0.8974570035934448,3.066390037536621,3.934510095859878e-05,2.4066800961008994e-06,2.4808599948883057,5.004590093449224e-06,1.7181899920615251e-06,102760453,128,7342144
142142497205713174,165743539670000306,4,0.88679322776086,55758.4355756,249.72055793,28.45216722,0.02956020087003708,0.02956020087003708,1.0095100402832031,1.3276100158691406,7.411360275000334e-05,4.032459855807247e-06,1.1533199548721313,0.9891970157623291,-20.62660026550293,-0.08919209986925125,0.9985589981079102,0.9985589981079102,0.7901840209960938,0.312730997800827,7.709499914199114e-05,1.421259980816103e-06,0.8785349726676941,2.553489923477173,7.025540253380314e-05,6.769450010324363e-06,1.933650016784668,0.00010622700210660696,6.594199930987088e-06,35651585,0,7374912
142142497205713174,165539648670000349,5,0.754585242601657,55756.3966606,249.72055111,28.45216798,0.061934199184179306,0.061934199184179306,2.0968000888824463,1.1234699487686157,6.99423035257496e-05,7.972519597387873e-06,0.9792410135269165,0.8236340284347534,7.035799980163574,0.5062469840049744,0.9960529804229736,0.9960529804229736,0.7947999835014343,0.03601140156388283,8.387539855903015e-05,2.331529913135455e-06,0.8455110192298889,2.0429799556732178,7.664119766559452e-05,1.4106800335866865e-05,1.9177900552749634,0.00019959500059485435,1.4508300409943331e-05,35651585,0,7374912
142142497205713174,165540591670000563,5,0.744509259000895,55756.4060961,249.72056233,28.45210995,0.09986820071935654,0.09986820071935654,-2.097830057144165,1.1555399894714355,4.83762014482636e-05,8.891480320016854e-06,1.0486400127410889,0.9271299839019775,-29.870399475097656,0.5528290271759033,0.9973530173301697,0.9973530173301697,0.8091260194778442,-0.03592060133814812,3.110980105702765e-05,1.3993800394018763e-06,0.8817179799079895,2.553770065307617,2.8842099709436297e-05,1.3394999768934213e-05,1.8078800439834595,0.00020617399422917515,1.4356700376083609e-05,35651585,0,40929344
142142497205713174,160436456110000378,1,0.976891699225541,55705.3648105,249.72056597,28.45215932,0.015911800786852837,0.013000300154089928,-1.1753499507904053,1.1666100025177002,4.559689841698855e-05,1.1454300192781375e-06,1.215440034866333,0.9943159818649292,16.234600067138672,-0.40177199244499207,0.9981279969215393,0.9981279969215393,1.1617399454116821,-0.23985399305820465,4.3351701606297866e-05,8.039119734348787e-07,0.8684750199317932,2.299180030822754,4.011089913547039e-05,1.4451100014412077e-06,1.9589999914169312,4.215030003251741e-06,1.6101199662443832e-06,102760517,128,7374912
142142497205713174,160437554110000317,1,0.913516526961249,55705.3757936,249.72057634,28.45215794,0.013171499595046043,0.012353000231087208,0.3207409977912903,1.1278799772262573,4.494940003496595e-05,1.096379946829984e-06,1.020900011062622,0.9643470048904419,23.755399703979492,-0.333063006401062,0.9979040026664734,0.9979040026664734,1.1882599592208862,0.7484070062637329,4.493629967328161e-05,8.226759860008315e-07,0.8455110192298889,2.0436599254608154,4.1438201151322573e-05,1.4465699678112287e-06,1.9524099826812744,4.216320121486206e-06,1.6119900010380661e-06,102760453,128,7374912
142142497205713174,162251069050000471,2,0.743763699888963,55723.5109304,249.72057402,28.45215756,0.015272499993443489,0.01693830080330372,2.020780086517334,1.2163900136947632,4.605110007105395e-05,1.3895399888497195e-06,1.0481699705123901,0.8658310174942017,64.16280364990234,-0.13638199865818024,0.9977610111236572,0.9977610111236572,1.1629600524902344,0.04330290108919144,5.050819891039282e-05,9.150119808509771e-07,0.8355630040168762,2.0459799766540527,4.7256700781872496e-05,2.3092500214261236e-06,2.0975399017333984,1.9950199202867225e-05,2.4126200059981784e-06,102760453,128,7342144
142142497205713174,162252097050000400,2,0.0105245607071785,55723.5212053,249.7205775,28.45216091,0.03192650154232979,0.03192650154232979,2.214010000228882,1.2683299779891968,4.993679976905696e-05,2.9298100798769156e-06,1.1644500494003296,0.9967389702796936,67.79010009765625,0.026840800419449806,0.99726802110672,0.99726802110672,1.1175800561904907,0.02682810090482235,5.322130164131522e-05,1.3131999594406807e-06,0.8817179799079895,2.5575900077819824,4.835539948544465e-05,4.746309969050344e-06,2.0501298904418945,4.7756799176568165e-05,4.992829872207949e-06,35651585,0,7342144
142142497205713174,162248659050000558,3,0.751698397800045,55723.4868592,249.72060861,28.45217668,0.03764589875936508,0.03764589875936508,1.350119948387146,1.1234999895095825,4.804259879165329e-05,3.3248700219701277e-06,1.3623499870300293,1.238759994506836,70.40859985351562,0.04154619947075844,0.9987819790840149,0.9987819790840149,1.3116199970245361,0.17697599530220032,4.514439933700487e-05,9.032789876073366e-07,0.8952469825744629,3.0679500102996826,4.6161800128174946e-05,4.863019967160653e-06,2.0622200965881348,0.00011133700172649696,5.508819867827697e-06,35651585,0,7342144
142142497205713174,162249788050000656,3,0.778297741690928,55723.4981539,249.72057307,28.45216181,0.026625199243426323,0.02709149941802025,-0.39105600118637085,1.1624900102615356,5.014670023228973e-05,1.8856400174627197e-06,1.256500005722046,1.1386799812316895,51.17620086669922,0.08265189826488495,0.9986540079116821,0.9986540079116821,1.217919945716858,-0.6957560181617737,5.1644601626321673e-05,8.773490094426961e-07,0.8865320086479187,2.812150001525879,4.62772004539147e-05,2.965640078400611e-06,2.2854199409484863,3.76444986613933e-05,2.9928401090728585e-06,102760453,128,7342144
142142497205713174,170323409050000570,4,0.394524686405924,55804.2342768,249.72056922,28.45215711,0.030528899282217026,0.030528899282217026,0.5415629744529724,1.048840045928955,6.290549936238676e-05,3.530039975885302e-06,1.1192899942398071,1.033120036125183,31.729799270629883,0.1491370052099228,0.9972760081291199,0.9972760081291199,1.1491400003433228,0.5881189703941345,6.264379771891981e-05,1.2632599464268424e-06,0.8785349726676941,2.5569300651550293,5.9800298913614824e-05,5.680540198227391e-06,2.0615499019622803,9.652550215832889e-05,6.222299816727173e-06,35651585,0,7374912
142142497205713174,170324659050000565,4,0.782964883170058,55804.2467718,249.72054077,28.45216655,0.02272989973425865,0.02272989973425865,-1.1193100214004517,1.0733000040054321,6.729969754815102e-05,2.8119100079493364e-06,1.0779099464416504,0.9365000128746033,61.96149826049805,0.10076200217008591,0.9971529841423035,0.9971529841423035,1.1286900043487549,-0.2630090117454529,6.837870023446158e-05,1.3247599781607278e-06,0.8684750199317932,2.3011701107025146,6.003499947837554e-05,4.354089924163418e-06,1.9522099494934082,5.722900095861405e-05,5.080190021544695e-06,35651649,128,7374912
142142497205713174,168537084160000822,5,0.79604037459571,55786.3710202,249.72069805,28.45218393,0.0590720996260643,0.0590720996260643,1.5589699745178223,1.4119000434875488,7.856650336179882e-05,8.52704033604823e-06,1.2893400192260742,1.1321200132369995,24.926799774169922,0.5954449772834778,0.9987030029296875,0.9987030029296875,1.0881999731063843,0.11900400370359421,0.00011028999870177358,2.69049996859394e-06,0.8974570035934448,3.069730043411255,9.450210200157017e-05,1.7808799384511076e-05,3.196589946746826,0.000139896001201123,1.2843500371673144e-05,35651585,0,7374912
142142497205713174,168538256160001062,5,0.97896737789639,55786.3827475,249.72052716,28.45215542,0.059400301426649094,0.059400301426649094,0.8311409950256348,1.5128599405288696,6.591699639102444e-05,7.193899818958016e-06,1.0650299787521362,0.91463702917099,14.336199760437012,0.4896239936351776,0.9973790049552917,0.9973790049552917,1.1413400173187256,0.405894011259079,8.117040124488994e-05,2.3587099349242635e-06,0.8684750199317932,2.302299976348877,6.895029946463183e-05,1.2485300430853385e-05,2.1344399452209473,0.00015003500448074192,1.3143399883119855e-05,35651585,0,7374912
142142497205713174,125351174670000406,2,0.388953940373802,55354.5119865,249.72053429,28.45213621,0.02707739919424057,0.02707739919424057,-0.03628769889473915,1.176550030708313,3.557859963621013e-05,1.7744599745128653e-06,1.6721199750900269,1.57955002784729,37.037601470947266,-0.17248399555683136,0.9984809756278992,0.9984809756278992,0.7777860164642334,-0.9710530042648315,3.62050996045582e-05,6.808580224060279e-07,0.9021919965744019,3.317189931869507,3.357170135132037e-05,2.634800011946936e-06,2.5630600452423096,1.2474200048018247e-05,1.8522899836170836e-06,35651585,0,7374912
142142497205713174,125435489100000392,2,0.14343577357329,55355.3551318,249.72055177,28.45214318,0.02337069995701313,0.024027999490499496,-1.002210021018982,1.0716300010681152,3.579369877115823e-05,1.1944599691560143e-06,1.3252500295639038,1.1797000169754028,53.14360046386719,-0.18986399471759796,0.9977030158042908,0.9977030158042908,1.0587899684906006,-0.3162429928779602,3.218320125597529e-05,6.517699944197375e-07,0.8753520250320435,2.5520501136779785,3.048570033570286e-05,1.457899998058565e-06,1.781690001487732,7.700709829805419e-06,1.7263099607589538e-06,102760517,128,108005440
142142497205713174,125032643100000460,3,0.59870822690307,55351.3267036,249.72056318,28.45215201,0.018724799156188965,0.019282400608062744,0.07377319782972336,1.197029948234558,4.343859836808406e-05,1.3660800277648377e-06,1.2262599468231201,0.8966289758682251,48.037899017333984,-0.22982199490070343,0.9983450174331665,0.0,0.9443560242652893,0.9411910176277161,4.259209890733473e-05,7.52437017581542e-07,0.8355630040168762,2.0411601066589355,3.9565700717503205e-05,2.0590800886566285e-06,1.8550699949264526,2.4635399313410744e-05,2.316590098416782e-06,102760517,160,34880
142142497205713174,125033822100000501,3,0.447409660972105,55351.3384949,249.72056901,28.45214336,0.01692260056734085,0.01779099926352501,2.648710012435913,1.1503700017929077,4.207649908494204e-05,1.3011200508117327e-06,1.1855800151824951,0.7731130123138428,48.40299987792969,-0.12049400061368942,0.996304988861084,0.0,1.0186400413513184,0.008080010302364826,4.7236699174391106e-05,7.865990028221859e-07,0.880325973033905,2.0413100719451904,4.4249798520468175e-05,2.281949946336681e-06,2.023360013961792,2.4869399567251094e-05,2.338139893254265e-06,102760453,160,34880
142142497205713174,125851986670000331,1,0.444313891645813,55359.520118,249.72053039,28.45218611,0.04576430097222328,0.04576430097222328,0.967739999294281,1.2810499668121338,3.7809099012520164e-05,3.18738989335543e-06,3.1323299407958984,2.901050090789795,36.86389923095703,-0.05461049824953079,0.9994369745254517,0.9994369745254517,0.6180089712142944,0.3331739902496338,3.7884601624682546e-05,7.318159873648256e-07,0.9553660154342651,6.888899803161621,3.906479832949117e-05,4.783620170201175e-06,4.324309825897217,6.385710094036767e-06,1.8337600522499997e-06,35651585,0,7342144
142142497205713174,125853125670000313,1,0.365116332066354,55359.5314995,249.72054529,28.45226112,0.037737198173999786,0.037737198173999786,1.549489974975586,1.3519699573516846,3.883019962813705e-05,2.6994600830221316e-06,2.4617600440979004,2.3245599269866943,40.61539840698242,0.07609280198812485,0.9991980195045471,0.9991980195045471,0.6036049723625183,0.12126299738883972,5.084989970782772e-05,8.564309723624319e-07,0.9411190152168274,5.612840175628662,4.229539990774356e-05,4.9356399358657654e-06,4.5030198097229,6.280230081756599e-06,1.831600002333289e-06,35651585,0,7342144
142142497205713174,230746421600000499,3,0.980915191565561,56408.4644739,249.72057368,28.45217794,0.03595690056681633,0.03595690056681633,1.294119954109192,1.0889300107955933,4.283109956304543e-05,2.83652002508461e-06,1.2495399713516235,1.0840100049972534,-66.17369842529297,-0.017496900632977486,0.9975919723510742,0.9975919723510742,1.1558200120925903,0.19562600553035736,3.736459984793328e-05,7.060430107230786e-07,0.8849009871482849,2.55184006690979,4.061319850734435e-05,3.97574012822588e-06,1.7506300210952759,0.00014294599532149732,5.38474978384329e-06,35651585,0,7374912
142142497205713174,230747648600000572,3,0.662624204217106,56408.4767496,249.72056021,28.45217249,0.041828401386737823,0.041828401386737823,0.9580029845237732,1.0613700151443481,3.991349876741879e-05,3.07475011140923e-06,1.4021600484848022,1.185629963874817,-51.04180145263672,0.08895450085401535,0.9985600113868713,0.9985600113868713,1.1574000120162964,0.33806100487709045,4.231839920976199e-05,7.487789730475924e-07,0.8839020133018494,2.80718994140625,3.871040098601952e-05,5.0907601689687e-06,2.2959299087524414,0.00013885399675928056,5.298350060911616e-06,35651585,0,7374912
142142497205713174,232755199060000401,2,0.579345456864075,56428.5522254,249.72056229,28.45214304,0.021406399086117744,0.021406399086117744,0.6670250296592712,1.1108200550079346,3.405640018172562e-05,1.3418399475995102e-06,1.3912099599838257,1.3410199880599976,22.5718994140625,0.08277460187673569,0.9990440011024475,0.9990440011024475,1.1705800294876099,0.504755973815918,3.54094008798711e-05,6.774860139557859e-07,0.9018779993057251,3.064229965209961,3.298739829915576e-05,2.070039954560343e-06,2.5680301189422607,1.4097699931880925e-05,1.8841000155589427e-06,35651585,128,7374912
142142497205713174,233452645060000515,3,0.107616024192065,56435.5267259,249.7205699,28.45212739,0.021378200501203537,0.021378200501203537,0.924576997756958,1.0931199789047241,4.615250145434402e-05,1.8165100073019858e-06,1.0575200319290161,0.881060004234314,-66.78690338134766,-0.49244800209999084,0.9983310103416443,0.9983310103416443,1.1617499589920044,0.35518598556518555,4.706890103989281e-05,8.054860245465534e-07,0.8185110092163086,1.7869999408721924,4.137909854762256e-05,3.051040039281361e-06,1.72747004032135,8.5753999883309e-05,4.047600214107661e-06,35651585,128,7374912
142142497205713174,225060550710000673,4,0.0534347733980369,56351.6056915,249.72054932,28.45217277,0.02886730059981346,0.02886730059981346,1.2491099834442139,1.1301900148391724,5.8221499784849584e-05,3.0946400784159778e-06,1.4548300504684448,1.116320013999939,-48.84389877319336,-0.15462100505828857,0.9981899857521057,0.9981899857521057,1.254870057106018,0.21162499487400055,6.506570207420737e-05,1.2972600416105706e-06,0.8839020133018494,2.8078200817108154,6.26659020781517e-05,5.226980192674091e-06,2.36680006980896,5.899310053791851e-05,5.2744899221579544e-06,35651585,0,7374912
142142497205713174,225061684710000610,4,0.964985795286471,56351.6170157,249.7205948,28.4521702,0.03730989992618561,0.03730989992618561,1.512969970703125,1.0967299938201904,4.934789831168018e-05,3.3901699225680204e-06,1.4405399560928345,1.284809947013855,-46.51110076904297,0.1180730015039444,0.998960018157959,0.998960018157959,1.2430100440979004,0.1302880048751831,5.627610153169371e-05,1.2086200058547547e-06,0.9018779993057251,3.0630199909210205,5.064329889137298e-05,5.775109912065091e-06,2.6667299270629883,5.868769949302077e-05,5.153459824214224e-06,35651585,0,7374912
142142497205713174,232057010060000248,1,0.91913461863914,56421.5703598,249.72056965,28.45215196,0.02570910006761551,0.02505050040781498,0.6867759823799133,1.1079299449920654,3.3736101613612846e-05,1.1587100061660749e-06,1.4061199426651,1.151729941368103,-41.69020080566406,-0.16226600110530853,0.9994080066680908,0.9994080066680908,1.2719299793243408,0.4922240078449249,3.4928398235933855e-05,7.242130095619359e-07,0.8839020133018494,2.809079885482788,3.221159931854345e-05,1.6954300008364953e-06,2.414030075073242,3.624099917942658e-06,1.6771000446169637e-06,102760517,128,57706560
142142497205713174,89654679620000675,2,0.87512800830894,54997.5470166,249.7205647,28.4521531,0.028446000069379807,0.028446000069379807,-2.1951498985290527,1.556820034980774,3.157820174237713e-05,1.648610009397089e-06,1.4514100551605225,1.1152700185775757,-34.855201721191406,-0.3592880070209503,0.9984300136566162,0.9984300136566162,1.2538800239562988,-0.028152499347925186,2.2450400138041005e-05,5.551220283450675e-07,0.8891630172729492,2.816970109939575,2.4529399524908513e-05,2.1792900497530354e-06,1.7927700281143188,3.1528099498245865e-05,2.817879931171774e-06,35651585,0,108005440
142142497205713174,196455379440000377,1,0.64043202031444,56065.5540536,249.72058675,28.45216,0.017033100128173828,0.017033100128173828,-4.4168901443481445,1.1356099843978882,4.4720200094161555e-05,1.391480054735439e-06,1.0717600584030151,0.9736719727516174,-83.53040313720703,-0.2526639997959137,0.737326979637146,0.737326979637146,1.044260025024414,-1.0013300197897479e-05,3.2175801607081667e-05,6.967030117266404e-07,0.4754999876022339,2.315579891204834,3.398750050109811e-05,2.2946799163037213e-06,3.478410005569458,6.349860086629633e-06,1.6839400132084847e-06,35651585,0,32768
142142497205713174,126332873270000676,2,0.104887756616704,55364.3289702,249.72054835,28.45215563,0.02174459956586361,0.02174459956586361,2.6757400035858154,1.075160026550293,3.763029963010922e-05,1.5065600109664956e-06,1.1199699640274048,1.0322400331497192,87.59220123291016,-0.24878500401973724,0.9983940124511719,0.9983940124511719,0.9017620086669922,0.00745648005977273,4.318280116422102e-05,7.786720175317896e-07,0.8455110192298889,2.0421600341796875,3.95876013499219e-05,2.664070052560419e-06,2.1025800704956055,1.6658799722790718e-05,2.2090900984039763e-06,35651585,128,7342144
142142497205713174,126334079270000586,2,0.0704856683225237,55364.341034,249.72056351,28.45218038,0.021559299901127815,0.021654900163412094,1.9474200010299683,1.0510200262069702,4.010750126326457e-05,1.5340799564000918e-06,1.052299976348877,0.9938750267028809,-35.319698333740234,-0.2967979907989502,0.9975749850273132,0.9975749850273132,0.766910970211029,0.0514845997095108,4.225999873597175e-05,7.59979002395994e-07,0.8256160020828247,2.0420100688934326,3.985279909102246e-05,2.494060026947409e-06,1.85903000831604,1.5024000276753213e-05,2.0358600067993393e-06,102760453,128,7342144
142142497205713174,126845788710000693,3,0.164304048907295,55369.4581482,249.72058503,28.45213549,0.030801400542259216,0.030801400542259216,1.2472800016403198,1.1298199892044067,4.283620000933297e-05,2.430760105198715e-06,2.0719199180603027,1.951640009880066,-24.65690040588379,-0.0022917999885976315,0.9994770288467407,0.9994770288467407,1.2933499813079834,0.21229399740695953,4.6297998778754845e-05,7.550240184173163e-07,0.9293860197067261,4.592080116271973,4.22769007855095e-05,4.076399818586651e-06,3.552570104598999,4.033699951833114e-05,2.9189500310167205e-06,35651585,0,7374912
142142497205713174,126846966710000463,3,0.957921846730562,55369.4699359,249.72055998,28.45213009,0.027648799121379852,0.027648799121379852,0.5008800029754639,1.172070026397705,4.239899863023311e-05,2.1597600152745144e-06,1.78125,1.5753200054168701,-26.103099822998047,-0.02320840023458004,0.9992139935493469,0.8258770108222961,1.3155699968338013,0.6164559721946716,4.504129901761189e-05,7.516160280829354e-07,0.913902997970581,3.8266100883483887,3.992530037066899e-05,3.2274699606205104e-06,2.7492098808288574,4.2135401599807665e-05,2.9647499104612507e-06,35651585,0,34880
142142497205713174,130542663600000601,5,0.657754197397972,55406.4268118,249.72050627,28.45219121,0.08834230154752731,0.08834230154752731,0.09391669929027557,1.549839973449707,6.840209971414879e-05,1.1127000107080676e-05,1.8019499778747559,1.3825000524520874,35.76029968261719,-0.2067669928073883,0.9989830255508423,0.9989830255508423,1.1071900129318237,0.9251750111579895,9.367679740535095e-05,2.379299985477701e-06,0.9003080129623413,3.318190097808838,6.126749940449372e-05,1.5986099242581986e-05,2.3298299312591553,0.0002707639941945672,1.5839999832678586e-05,35651585,0,7374912
142142497205713174,126033374270000404,1,0.425357532152308,55361.3340027,249.72053767,28.45223947,0.025394299998879433,0.025394299998879433,1.6641600131988525,1.08256995677948,4.424569851835258e-05,2.0686700281657977e-06,1.673200011253357,1.626420021057129,-74.86959838867188,0.04807880148291588,0.9991070032119751,0.9991070032119751,0.6621959805488586,0.09608049690723419,5.3116498747840524e-05,8.676599918544525e-07,0.9159529805183411,3.573899984359741,4.727909981738776e-05,3.616929916461231e-06,3.132970094680786,7.16580007065204e-06,1.7032599544108962e-06,35651585,128,7374912
142142497205713174,126034513270000435,1,0.951837003186193,55361.3453949,249.72054754,28.45217319,0.02568499930202961,0.02568499930202961,1.3230700492858887,1.0580699443817139,4.3657000787789e-05,2.064439968307852e-06,1.461609959602356,1.3572700023651123,-87.41300201416016,-0.06131339818239212,0.9995430111885071,0.9995430111885071,0.6659640073776245,0.18581199645996094,5.151410005055368e-05,8.617089974904957e-07,0.8839020133018494,2.8081600666046143,4.941310180583969e-05,3.627460046118358e-06,2.7175300121307373,7.45862007534015e-06,1.7252699535674765e-06,35651585,128,7374912
142142497205713174,123655899430000555,2,0.564364640567791,55337.5592286,249.72056393,28.45215977,0.024542100727558136,0.024432599544525146,0.7290380001068115,1.179900050163269,3.6547200579661876e-05,1.2585500144268735e-06,1.2532600164413452,1.1849900484085083,49.23680114746094,0.010347699746489525,0.9991899728775024,0.9991899728775024,1.154360055923462,0.4659779965877533,3.801529965130612e-05,6.964519911889511e-07,0.8865320086479187,2.829200029373169,3.489019945845939e-05,1.8756700228550471e-06,2.318650007247925,1.0597100299492013e-05,1.8045600427285535e-06,102760453,128,7374912
142142497205713174,123657054430000544,2,0.206872745609724,55337.5707833,249.72057182,28.45216835,0.02276270091533661,0.02276270091533661,-1.5882200002670288,1.2315200567245483,3.82014004571829e-05,1.5889199858065695e-06,1.5956799983978271,1.5270500183105469,37.199100494384766,0.3090690076351166,0.9981189966201782,0.9981189966201782,1.1503599882125854,-0.11223600059747696,3.194070086465217e-05,6.329499910862069e-07,0.9167320132255554,3.8582301139831543,3.147350071230903e-05,2.1321700387488818e-06,2.6312999725341797,1.1097899914602749e-05,1.837800027715275e-06,35651585,128,40929344
142142497205713174,115555344340001192,4,0.293288740602591,55256.5536263,249.72054964,28.45214965,0.05723629891872406,0.05723629891872406,-3.0403599739074707,1.3810399770736694,4.6332999772857875e-05,4.846040155825904e-06,1.6208399534225464,1.3298799991607666,2.5820701122283936,-0.03808489814400673,0.9987689852714539,0.9987689852714539,1.2168899774551392,-0.0023629299830645323,3.201789877493866e-05,8.75503985753312e-07,0.9021919965744019,3.3436200618743896,3.0074099413468502e-05,6.890660188219044e-06,2.2248001098632812,0.0001382180053042248,7.383880074485205e-06,35651585,0,40896576
142142497205713174,115556233340001279,4,0.199558885022587,55256.5625141,249.7204941,28.45215762,0.05860169976949692,0.05860169976949692,-0.584634006023407,1.3207199573516846,4.35444999311585e-05,4.66305982627091e-06,1.5499199628829956,1.3246599435806274,19.618099212646484,-0.02485560066998005,0.998691976070404,0.998691976070404,1.1712299585342407,-0.5587940216064453,1.7100399418268353e-05,6.383169761647878e-07,0.904075026512146,3.343590021133423,3.57587996404618e-05,6.569260222022422e-06,2.168489933013916,0.00013171900354791433,7.134609859349439e-06,35651585,0,40896576
142142497205713174,123237357340000419,1,0.782105535997176,55333.3738326,249.72055917,28.45216062,0.025686699897050858,0.023785699158906937,-0.1003199964761734,1.2058900594711304,3.791999915847555e-05,1.2534400184449623e-06,1.4033499956130981,1.2656199932098389,-13.786399841308594,-0.2114589959383011,0.999288022518158,0.999288022518158,1.2785600423812866,-0.9200900197029114,3.656070111901499e-05,7.342169965340872e-07,0.8974570035934448,3.086819887161255,3.325620127725415e-05,1.7054300087693264e-06,2.292880058288574,5.853869879501872e-06,1.6097300203909981e-06,102760453,128,7374912
142142497205713174,123238537340000382,1,0.726559573529809,55333.3856243,249.72056858,28.45216717,0.025339599698781967,0.025129100307822227,2.441279888153076,1.1576900482177734,3.574230140657164e-05,1.2129299875596189e-06,1.5038399696350098,1.1875799894332886,45.24300003051758,-0.32701998949050903,0.9997550249099731,0.9997550249099731,1.2537100315093994,0.014635199680924416,3.9995298720896244e-05,7.662740131308965e-07,0.8930360078811646,3.0863699913024902,3.696760177263059e-05,1.8179699736720067e-06,2.4669899940490723,5.924890047026565e-06,1.5983899857019424e-06,102760517,128,24152128
142142497205713174,123251773430000396,1,0.205730661010119,55333.5179873,249.72055914,28.45215923,0.030240900814533234,0.027045700699090958,-2.263319969177246,1.0406299829483032,3.693100006785244e-05,1.2879800124210306e-06,1.4563499689102173,1.3151299953460693,6.086669921875,-0.05683470144867897,0.9987480044364929,0.9987480044364929,1.2229900360107422,-0.02361620031297207,3.428109994274564e-05,7.00827001764992e-07,0.9021919965744019,3.3434600830078125,3.063999974983744e-05,1.6909699525058386e-06,2.282550096511841,3.791350081883138e-06,1.6526699937458034e-06,102760453,128,57706560
142142497205713174,123253033430000445,1,0.226014460647492,55333.5305924,249.72056762,28.45216125,0.030072299763560295,0.029294800013303757,-0.025167200714349747,1.0626800060272217,3.9391499740304425e-05,1.3551799611377646e-06,1.516890048980713,1.3880200386047363,32.66680145263672,-0.024144399911165237,0.9987660050392151,0.9987660050392151,1.1482499837875366,-0.9799219965934753,4.2119001591345295e-05,7.797440275680856e-07,0.8984249830245972,3.3435800075531006,3.719279993674718e-05,2.051290039162268e-06,2.799489974975586,3.9281298995774705e-06,1.677280010881077e-06,102760517,128,7374912
142142497205713174,126332934630000527,2,0.524069324623858,55364.3295757,249.72056452,28.45215046,0.01728600077331066,0.014321300201117992,1.9223400354385376,1.073799967765808,3.609869963838719e-05,1.2084200307072024e-06,0.9115059971809387,0.7701420187950134,4.986939907073975,0.054155901074409485,0.9991700053215027,0.9991700053215027,1.0662800073623657,0.054562900215387344,4.031979915453121e-05,7.664190206924104e-07,0.8405370116233826,2.0515999794006348,3.795580050791614e-05,2.0175700683466857e-06,1.9895800352096558,1.5943700418574736e-05,2.174660039599985e-06,102760453,128,7342144
142142497205713174,126334140630000500,2,0.80062248725502,55364.3416359,249.72056505,28.45216112,0.015471800230443478,0.013927100226283073,0.3734689950942993,1.0499800443649292,3.766710142372176e-05,1.124329969570681e-06,0.9568359851837158,0.857217013835907,16.426599502563477,-0.19609299302101135,0.9986339807510376,0.9986339807510376,1.0744199752807617,0.7087990045547485,3.736959843081422e-05,7.120460168152931e-07,0.8504840135574341,2.0515799522399902,3.39561011060141e-05,1.648469947213016e-06,1.7953300476074219,1.2479999895731453e-05,1.9025700339625473e-06,102760517,128,7342144
142142497205713174,126845989130000664,3,0.740072219390489,55369.4601672,249.72055347,28.45216811,0.027100499719381332,0.027100499719381332,0.8098940253257751,1.1364699602127075,4.061270010424778e-05,2.0173699795122957e-06,1.5521700382232666,1.421280026435852,19.578800201416016,0.10639599710702896,0.9981880187988281,0.9945859909057617,1.0863699913024902,0.4180009961128235,4.3174499296583235e-05,7.200200116130873e-07,0.8946580290794373,3.3334500789642334,3.835709867416881e-05,3.1180800306174206e-06,2.608949899673462,4.1475901525700465e-05,2.6881500616582343e-06,35651585,0,7374912
142142497205713174,126847168130000981,3,0.161277427488265,55369.4719525,249.7205738,28.45214505,0.027608899399638176,0.027608899399638176,-1.1684399843215942,1.1801799535751343,4.312850069254637e-05,2.182629941671621e-06,1.640679955482483,1.4991799592971802,21.507600784301758,0.2333180010318756,0.998350977897644,0.998350977897644,1.0409300327301025,-0.2426300048828125,4.238009933033027e-05,7.075179837556789e-07,0.9195619821548462,3.8461201190948486,3.7572801375063136e-05,3.421120027269353e-06,2.8334200382232666,4.261119829607196e-05,2.78764991890057e-06,35651585,0,7374912
142142497205713174,132725472220000882,4,0.519608676917487,55428.254907,249.72057432,28.4522748,0.043415699154138565,0.043415699154138565,1.2740299701690674,1.0354499816894531,3.233840106986463e-05,2.5733500024216482e-06,0.9021220207214355,0.8063129782676697,-40.49489974975586,0.12305600196123123,0.8486739993095398,0.8486739993095398,1.2395299673080444,0.20265400409698486,2.126099934685044e-05,7.377749966508418e-07,0.4973590075969696,2.051409959793091,3.371079947100952e-05,3.4410300031595398e-06,1.7798800468444824,6.226549885468557e-05,5.300490101944888e-06,35651585,0,32768
142142497205713174,130541856130000652,5,0.448750530787511,55406.4187465,249.72062055,28.4521136,0.09445670247077942,0.09445670247077942,3.74960994720459,1.4735000133514404,5.3849300456931815e-05,9.31862996367272e-06,1.0859899520874023,1.0422899723052979,37.91320037841797,0.8297960162162781,0.9972389936447144,0.9972389936447144,1.0667200088500977,0.00017711300461087376,8.817249909043312e-05,2.3166201117419405e-06,0.8917940258979797,2.821959972381592,7.272930088220164e-05,1.6213800336117856e-05,2.4047598838806152,0.0002643289917614311,1.5219399756460916e-05,35667969,0,7374912
142142497205713174,130542993130000596,5,0.966875191747095,55406.4301051,249.72055702,28.45215893,0.09186530113220215,0.09186530113220215,-0.016240600496530533,1.5842900276184082,5.602199962595478e-05,9.428519661014434e-06,1.0891200304031372,1.0397900342941284,46.85879898071289,0.6486539840698242,0.9970729947090149,0.9970729947090149,1.0520199537277222,-0.9870420098304749,6.11198993283324e-05,1.9348999558133073e-06,0.872169017791748,2.565459966659546,6.993889837758616e-05,1.8430400814395398e-05,2.5976901054382324,0.00029267198988236487,1.574949965288397e-05,35651585,0,7374912
142142497205713174,126033575630000371,1,0.455838983371704,55361.336003,249.72056446,28.45216027,0.017233099788427353,0.017233099788427353,10.86359977722168,1.0778499841690063,4.731740045826882e-05,1.4944399708838318e-06,1.554710030555725,1.4330400228500366,20.430500030517578,0.023410800844430923,0.9979689717292786,0.9979689717292786,1.491320013999939,1.7183699705716957e-27,7.302960148081183e-05,1.0365599791839486e-06,0.9059590101242065,3.333859920501709,0.00010905700037255883,3.4697900446190033e-06,4.418220043182373,4.754429937747773e-06,1.652329956414178e-06,102776839,128,108038208
142142497205713174,126034709630000415,1,0.672771745987955,55361.3473512,249.7205723,28.45215117,0.01738159917294979,0.01738159917294979,14.05109977722168,1.0544099807739258,4.60658993688412e-05,1.4674700423711329e-06,1.596619963645935,1.497290015220642,29.27739906311035,-0.048123300075531006,0.9996780157089233,0.9996780157089233,1.4722700119018555,0.0,7.93821964180097e-05,1.0710499509514193e-06,0.9045850038528442,3.590250015258789,9.61639016168192e-05,3.2197099244513083e-06,4.179659843444824,4.3721797737816814e-06,1.6147899941643118e-06,102776839,128,108038208
142142497205713174,283721364030000763,4,0.0763847856562443,56938.2139969,249.72058211,28.45213575,0.03987500071525574,0.03987500071525574,1.6741299629211426,1.3850500583648682,6.265249976422638e-05,4.5877500269853044e-06,1.597499966621399,1.549180030822754,-29.04759979248047,0.28614500164985657,0.998445987701416,0.998445987701416,1.0536799430847168,0.09410560131072998,7.488169649150223e-05,9.91106958281307e-07,0.920976996421814,3.83909010887146,6.088590089348145e-05,7.685340278840158e-06,2.930219888687134,0.00017840000509750098,5.7128600019495934e-06,35651585,0,7342144
142142497205713174,281721917120000800,5,0.241631082484155,56918.2196508,249.72055842,28.45214188,0.049609098583459854,0.049609098583459854,-1.5079799890518188,1.1352900266647339,5.108210098114796e-05,4.653240011975868e-06,1.2637300491333008,0.8757089972496033,-41.07279968261719,-0.3983210027217865,0.9980599880218506,0.9980599880218506,1.0736099481582642,-0.13155899941921234,4.424490180099383e-05,1.03504999060533e-06,0.8455110192298889,2.047679901123047,3.881700104102492e-05,7.4270601544412784e-06,1.7247300148010254,0.0002843189868144691,9.844509804679547e-06,35651585,0,40929344
