 0 ['000000.45+174625.4'] 0.001898285183756343  17.773739129913793 [25.31547314] [0.4548313]  45.119998931884766 45.70100021362305 -0.953000009059906  
 1 ['000000.66+145828.8'] 0.0027564300929725505  14.974675493723005 [25.41766378] [1.46804891]  45.52899932861328 46.11000061035156 -1.0080000162124634  
 2 ['000000.97+044947.2'] 0.004052388539889762  4.829780574673504 [41.2207077] [4.44898319]  45.66600036621094 46.25400161743164 -0.375  
 4 ['000001.37-011930.0'] 0.0057462149949571995  -1.3250087918745506 [44.35362563] [3.30260433]  45.840999603271484 46.422000885009766 -0.3479999899864197  
 6 ['000001.63+303109.6'] 0.006818798938297732  30.519356121161877 [36.13960133] [0.78166136]  45.1879997253418 45.76900100708008 -0.6000000238418579  
 8 ['000001.81+141150.5'] 0.007578547262596658  14.197385446197769 [46.45245916] [0.88314402]  45.98500061035156 46.566001892089844 -0.7149999737739563  
 9 ['000001.93-001427.4'] 0.008066691350313349  -0.24097078525990853 [25.84154296] [3.98946097]  45.83700180053711 46.38999938964844 -0.9620000123977661  
 10 ['000002.05+344043.2'] 0.008554793523217086  34.67868167016787 [49.59054354] [1.18496883]  44.8390007019043 45.393001556396484 -0.8029999732971191  
 11 ['000002.15+151516.6'] 0.008980309049661628  15.254638826550392 [38.65588064] [3.15308073]  45.125 45.742000579833984 -1.0779999494552612  
 12 ['000002.20+114148.5'] 0.009191332000455077  11.696820018291584 [32.84518886] [1.43599072]  45.792999267578125 46.374000549316406 -1.25600004196167  
 14 ['000003.17+011510.6'] 0.013228998987813156  1.252967112275887 [32.29087012] [1.71403503]  45.54899978637695 46.130001068115234 -1.218000054359436  
 17 ['000003.53+303413.3'] 0.014712996328739791  30.570385480349977 [39.5540412] [0.84288058]  45.229000091552734 45.78799819946289 -0.6389999985694885  
 19 ['000003.94+263645.6'] 0.01644103836241584  26.61267729587921 [35.86349304] [7.70230412]  46.06999969482422 46.625999450683594 -0.6669999957084656  
 20 ['000004.02+143849.5'] 0.01676055239482821  14.647110192640099 [119.48214374] [0.75412906]  45.53799819946289 46.11899948120117 -0.800000011920929  
 21 ['000004.61+035122.4'] 0.01922318383401489  3.856231496915829 [151.90982595] [0.32576591]  45.5629997253418 46.14400100708008 -0.6320000290870667  
 22 ['000004.85+061803.7'] 0.020222681720156288  6.301045314763241 [55.32306366] [0.38128244]  45.24399948120117 45.82500076293945 -1.253000020980835  
 23 ['00004.967-001642.0'] 0.020695853072012937  -0.27834331932183126 [76.24912712] [0.4206999]  45.21200180053711 45.792999267578125 -0.8880000114440918  
 24 ['000005.02-003829.0'] 0.02092856146740729  -0.6413930225321272 [37.56460092] [0.80363679]  45.54499816894531 46.125999450683594 -0.9549999833106995  
 25 ['000005.10-104850.0'] 0.02128021280228154  -10.813916416894397 [56.96777673] [0.76073028]  45.667999267578125 46.249000549316406 -0.5410000085830688  
 27 ['000005.19+134227.5'] 0.021651147047691666  13.707654340998433 [49.02482093] [0.57405642]  45.571998596191406 46.15299987792969 -1.0410000085830688  
 28 ['000005.51-053016.9'] 0.022969269868383435  -5.504713589127986 [117.94968898] [1.28162984]  45.47700119018555 46.03799819946289 -0.503000020980835  
 29 ['000005.51-012727.1'] 0.02297655045400404  -1.457553015030913 [219.28892916] [0.71832183]  45.31999969482422 45.9010009765625 -0.5730000138282776  
 30 ['000005.77-042007.1'] 0.02407796895462866  -4.335324900157147 [77.15870419] [0.75780853]  44.86899948120117 45.439998626708984 -1.434000015258789  
 31 ['000005.88+340252.3'] 0.024503821327925834  34.04787378118391 [102.91094293] [1.30476414]  46.03200149536133 46.612998962402344 -0.25999999046325684  
 32 ['000005.95+145310.1'] 0.024827406994063494  14.88614615928914 [22.09695474] [1.78283709]  45.70500183105469 46.2859992980957 -1.2330000400543213  
 34 ['000006.38-065404.9'] 0.026618433492885174  -6.90136474890272 [112.38105154] [0.40759717]  45.47999954223633 46.06100082397461 -1.0190000534057617  
 35 ['000006.42+324335.3'] 0.02675879910555068  32.72647899154876 [66.24560236] [1.07953484]  45.2869987487793 45.8380012512207 -0.8349999785423279  
 36 ['000006.58+272207.6'] 0.02742940050393372  27.368782806510136 [79.65248658] [0.51449993]  45.20800018310547 45.78900146484375 -0.9800000190734863  
 38 ['000007.05+060333.8'] 0.029414422488457603  6.0593981884826915 [46.26051226] [3.17857181]  45.257999420166016 45.816001892089844 -0.6050000190734863  
 39 ['000007.10+264524.6'] 0.029597143099636014  26.75685312138021 [142.48738454] [0.68489748]  45.090999603271484 45.637001037597656 -0.7699999809265137  
 40 ['000007.48+114206.7'] 0.03118945421437047  11.701886384014001 [29.63671763] [6.71023162]  46.409000396728516 46.9900016784668 -0.7039999961853027  
 41 ['000007.58+002943.2'] 0.0316175511158292  0.49535445296896763 [100.62545784] [1.60887096]  45.749000549316406 46.30099868774414 -0.4569999873638153  
 42 ['000008.15+075841.3'] 0.033994293998716785  7.978148793358011 [57.24710273] [0.56545593]  45.15700149536133 45.737998962402344 -1.4249999523162842  
 43 ['000008.60-101512.0'] 0.03586064186768567  -10.253335859432507 [104.42689303] [0.09721544]  44.75299835205078 45.31800079345703 -0.6880000233650208  
 44 ['000009.04+100934.4'] 0.03770423750916052  10.159575239657785 [23.07261984] [0.63595067]  45.24399948120117 45.82500076293945 -0.453000009059906  
 46 ['000009.27-044943.5'] 0.03865950578892807  -4.828774697860654 [20.62208528] [1.59728564]  45.349998474121094 45.930999755859375 -1.1660000085830688  
 47 ['000009.38+135618.4'] 0.039085843442194346  13.938451649701316 [1.96402997] [9.48107359]  46.41699981689453 46.983001708984375 -0.8130000233650208  
 48 ['000009.70+123730.7'] 0.04044563128883283  12.625204703149672 [46.47475005] [2.37129584]  45.858001708984375 46.43899917602539 -0.9340000152587891  
 50 ['000010.13+301729.1'] 0.042228352966674265  30.291416795046466 [44.89227979] [0.77526429]  44.93600082397461 45.50199890136719 -1.3300000429153442  
 51 ['000010.18+313846.1'] 0.04245150140252463  31.64615733924541 [36.04311468] [1.47675082]  45.691001892089844 46.27199935913086 -0.8989999890327454  
 52 ['000010.38-081514.6'] 0.04328053051122538  -8.25406522919653 [38.98097724] [1.98106382]  45.30400085449219 45.856998443603516 -0.7289999723434448  
 53 ['000010.42-024739.9'] 0.04342838958426398  -2.7944255612322912 [67.58975616] [0.17032575]  45.14099884033203 45.69599914550781 -1.38100004196167  
 57 ['000010.89+094235.0'] 0.04538442905516149  9.709746839393018 [74.25108282] [2.44003907]  46.02799987792969 46.60900115966797 -0.0560000017285347  
 58 ['000011.16-014434.1'] 0.04651265295679252  -1.742819800724445 [66.59384696] [1.46006518]  45.63399887084961 46.1879997253418 -0.9599999785423279  
 59 ['000011.37+150335.7'] 0.04738582132551983  15.059942642725709 [46.6154178] [4.80288707]  45.819000244140625 46.37200164794922 -0.671999990940094  
 60 ['000011.73+140334.6'] 0.04887960097295263  14.05962232415821 [155.49481605] [0.205235]  45.25699996948242 45.8380012512207 -0.8619999885559082  
 61 ['000012.05-020014.1'] 0.05023980153515595  -2.0039299325612743 [155.9844093] [0.74170361]  45.375999450683594 45.957000732421875 -0.4970000088214874  
 62 ['000012.21+262205.5'] 0.050895028127229125  26.368203346087512 [62.54183579] [1.21598612]  45.14400100708008 45.722999572753906 -0.6890000104904175  
 63 ['000012.32+225019.4'] 0.05136805601478045  22.838743720652886 [41.20312126] [0.54583566]  45.540000915527344 46.12099838256836 -0.6299999952316284  
 64 ['000012.43+121018.1'] 0.051801259252158616  12.171714082077113 [81.83659229] [0.98339779]  45.35499954223633 45.93600082397461 -0.2590000033378601  
 65 ['000012.53+315433.7'] 0.05220974500412012  31.90937548321178 [92.51681122] [0.75094876]  45.986000061035156 46.56700134277344 -0.06300000101327896  
 66 ['000012.59-014216.7'] 0.05249331914122024  -1.7046433017970377 [41.02177728] [1.43486296]  45.53900146484375 46.119998931884766 -0.8690000176429749  
 68 ['000012.92+082928.0'] 0.05384103839372756  8.491115042115133 [64.85604969] [1.60609527]  44.983001708984375 45.56100082397461 -1.4550000429153442  
 69 ['000013.03+044403.5'] 0.054310219507442525  4.734322876874042 [34.01560106] [0.89499001]  45.57400131225586 46.154998779296875 -1.0460000038146973  
 70 ['000013.20+225735.8'] 0.05501565096204786  22.95995427992986 [26.06525544] [0.66760686]  45.32400131225586 45.904998779296875 -0.9240000247955322  
 71 ['000013.45+322252.2'] 0.056054852521185694  32.38118372579359 [55.99233653] [0.79143289]  45.4370002746582 46.018001556396484 -0.13600000739097595  
 72 ['000013.62+093150.8'] 0.056750096897189906  9.530781906316843 [33.64341526] [0.66912599]  45.54199981689453 46.12300109863281 -0.8629999756813049  
 74 ['000014.15+223713.9'] 0.05898919162046923  22.62055212152141 [39.62236649] [1.58901509]  46.189998626708984 46.770999908447266 -0.5569999814033508  
 75 ['000014.26+054902.8'] 0.05945407152444204  5.8174607235065 [40.01370571] [4.33582595]  46.02299880981445 46.604000091552734 -0.5320000052452087  
 76 ['000014.48-104530.5'] 0.06036827310195747  -10.758481070906294 [25.39321837] [18.97878576]  46.72100067138672 47.301998138427734 -0.6809999942779541  
 77 ['000014.54+223912.1'] 0.06059422480620924  22.653363398782716 [90.48390084] [1.38411923]  45.768001556396484 46.3489990234375 -0.8550000190734863  
 78 ['000015.03+064457.8'] 0.0626617956037876  6.749398132907879 [35.01695071] [7.41603512]  46.28499984741211 46.86600112915039 -1.1139999628067017  
 79 ['000015.17+004833.2'] 0.06321446111104478  0.8092482880234474 [36.10937953] [3.38646812]  46.33300018310547 46.91400146484375 -0.48500001430511475  
 81 ['000015.18-002308.8'] 0.06329099900000301  -0.38578899 [24.25980527] [2.9363282]  42.14400100708008 42.724998474121094 -9.99899959564209  
 82 ['000015.28+331238.0'] 0.06369982682576847  33.21057184769929 [27.35192606] [1.8640475]  44.959999084472656 45.53300094604492 -0.9589999914169312  
 84 ['000016.54+051104.2'] 0.06892950331831571  5.184513176795998 [71.81655688] [1.14645815]  45.560001373291016 46.14099884033203 -0.8889999985694885  
 87 ['000017.16+121032.8'] 0.07150174935986797  12.17579056710989 [199.7613682] [0.21004845]  45.46699905395508 46.04800033569336 -0.9020000100135803  
 88 ['000017.64+273847.6'] 0.07352201109858925  27.64657873365727 [100.05297228] [0.94145039]  45.30699920654297 45.88800048828125 -1.0709999799728394  
 90 ['000017.73+224934.3'] 0.07389874329021495  22.826215676136066 [81.78026583] [0.44076866]  45.130001068115234 45.71799850463867 -0.9259999990463257  
 92 ['000017.91+165831.6'] 0.0746390761632938  16.97546209794045 [62.99949792] [1.65564639]  45.71799850463867 46.29899978637695 -0.335999995470047  
 93 ['000017.97+002426.9'] 0.07488464154727126  0.4074993409772581 [46.51850906] [1.7693334]  45.56399917602539 46.14500045776367 -0.3569999933242798  
 94 ['000018.03+140311.6'] 0.07514720312127565  14.053248091672728 [56.55901626] [1.41784437]  45.54600143432617 46.12699890136719 -0.3109999895095825  
 95 ['000018.12+013637.1'] 0.07553600055950938  1.610323449993047 [82.21219861] [1.29646678]  45.569000244140625 46.150001525878906 -0.6949999928474426  
 96 ['000018.15-053001.3'] 0.07564733050423911  -5.500387327767297 [78.33498184] [4.02136597]  45.676998138427734 46.22800064086914 -0.7670000195503235  
 97 ['000018.18+050803.6'] 0.07577168321836325  5.134349240476935 [64.02361048] [1.99127213]  45.611000061035156 46.16699981689453 -1.1380000114440918  
 98 ['000018.48-042653.8'] 0.07704106696047575  -4.448277840615502 [223.9292909] [0.32857129]  45.19300079345703 45.77399826049805 -1.1160000562667847  
 99 ['000018.64+033254.1'] 0.07768235158437165  3.5483790824724504 [52.02325669] [2.63926996]  45.70600128173828 46.27000045776367 -1.2740000486373901  
